0, -0.0299645, -0.0818737, -7.84804, -0.265713, 1.968, -0.0214906
0.02, -0.0298216, -0.0820933, -7.84782, -0.264062, 1.97075, -0.0215952
0.04, -0.0296781, -0.0823301, -7.8476, -0.262387, 1.97347, -0.0217049
0.06, -0.029533, -0.0825844, -7.84737, -0.260688, 1.97617, -0.0218199
0.08, -0.0293852, -0.0828564, -7.84713, -0.258965, 1.97884, -0.0219405
0.1, -0.0292342, -0.0831458, -7.84689, -0.25722, 1.98148, -0.0220665
0.12, -0.029079, -0.0834531, -7.84664, -0.255453, 1.98411, -0.0221981
0.14, -0.0289195, -0.0837778, -7.84639, -0.253664, 1.9867, -0.0223353
0.16, -0.0287548, -0.08412, -7.84613, -0.251855, 1.98927, -0.0224781
0.18, -0.0285849, -0.0844792, -7.84586, -0.250026, 1.9918, -0.0226264
0.2, -0.0284097, -0.0848554, -7.84559, -0.248178, 1.99431, -0.0227802
0.22, -0.0282289, -0.085248, -7.84531, -0.24631, 1.9968, -0.0229393
0.24, -0.028043, -0.0856566, -7.84502, -0.244425, 1.99925, -0.0231037
0.261, -0.0278519, -0.0860803, -7.84473, -0.242522, 2.00168, -0.0232729
0.281, -0.0276562, -0.086519, -7.84443, -0.240602, 2.00407, -0.023447
0.301, -0.0274563, -0.0869715, -7.84413, -0.238666, 2.00644, -0.0236256
0.321, -0.0272528, -0.0874371, -7.84382, -0.236715, 2.00878, -0.0238084
0.341, -0.0270466, -0.0879152, -7.84351, -0.234748, 2.01109, -0.0239952
0.361, -0.0268382, -0.0884045, -7.8432, -0.232768, 2.01338, -0.0241856
0.381, -0.0266285, -0.0889046, -7.84288, -0.230773, 2.01563, -0.0243794
0.401, -0.0264185, -0.089414, -7.84256, -0.228766, 2.01786, -0.0245761
0.421, -0.0262091, -0.0899321, -7.84224, -0.226747, 2.02006, -0.0247754
0.441, -0.0260011, -0.0904578, -7.84192, -0.224715, 2.02223, -0.024977
0.461, -0.0257956, -0.0909902, -7.8416, -0.222673, 2.02437, -0.0251806
0.481, -0.0255933, -0.0915283, -7.84127, -0.220621, 2.02649, -0.0253857
0.501, -0.0253953, -0.0920715, -7.84095, -0.218559, 2.02857, -0.0255922
0.521, -0.0252025, -0.0926187, -7.84064, -0.216487, 2.03064, -0.0257997
0.541, -0.0250155, -0.0931691, -7.84032, -0.214408, 2.03267, -0.0260078
0.561, -0.0248351, -0.0937222, -7.84001, -0.212321, 2.03468, -0.0262165
0.581, -0.024662, -0.0942774, -7.8397, -0.210227, 2.03666, -0.0264254
0.601, -0.0244966, -0.0948341, -7.8394, -0.208126, 2.03862, -0.0266344
0.621, -0.0243392, -0.0953918, -7.8391, -0.206021, 2.04055, -0.0268434
0.641, -0.0241905, -0.0959501, -7.8388, -0.203911, 2.04246, -0.0270521
0.661, -0.0240505, -0.0965093, -7.83851, -0.201796, 2.04434, -0.0272606
0.681, -0.0239193, -0.0970686, -7.83823, -0.199679, 2.04619, -0.0274688
0.701, -0.0237969, -0.0976283, -7.83795, -0.19756, 2.04802, -0.0276766
0.721, -0.0236832, -0.0981885, -7.83768, -0.195438, 2.04982, -0.0278842
0.741, -0.0235777, -0.0987492, -7.83741, -0.193317, 2.0516, -0.0280916
0.762, -0.0234806, -0.0993108, -7.83715, -0.191195, 2.05335, -0.0282989
0.782, -0.0233909, -0.0998733, -7.83689, -0.189074, 2.05507, -0.0285061
0.802, -0.0233083, -0.100437, -7.83665, -0.186955, 2.05677, -0.0287136
0.822, -0.0232321, -0.101003, -7.83641, -0.184839, 2.05844, -0.0289213
0.842, -0.0231616, -0.101572, -7.83617, -0.182727, 2.06009, -0.0291295
0.862, -0.0230961, -0.102142, -7.83594, -0.180618, 2.06171, -0.0293383
0.882, -0.0230348, -0.102717, -7.83572, -0.178515, 2.06331, -0.029548
0.902, -0.0229767, -0.103294, -7.8355, -0.176418, 2.06487, -0.0297587
0.922, -0.0229212, -0.103876, -7.83529, -0.174328, 2.06641, -0.0299705
0.942, -0.0228672, -0.104462, -7.83508, -0.172246, 2.06793, -0.0301837
0.962, -0.0228139, -0.105053, -7.83488, -0.170172, 2.06942, -0.0303982
0.982, -0.0227605, -0.105649, -7.83469, -0.168108, 2.07088, -0.0306144
1.002, -0.022706, -0.10625, -7.8345, -0.166054, 2.07231, -0.0308322
1.022, -0.0226499, -0.106856, -7.83432, -0.164011, 2.07371, -0.0310516
1.042, -0.0225911, -0.107468, -7.83414, -0.16198, 2.07509, -0.0312728
1.062, -0.0225292, -0.108084, -7.83397, -0.159961, 2.07645, -0.0314956
1.082, -0.0224633, -0.108706, -7.8338, -0.157955, 2.07777, -0.0317201
1.102, -0.0223931, -0.109332, -7.83364, -0.155964, 2.07907, -0.031946
1.122, -0.022318, -0.109963, -7.83349, -0.153987, 2.08034, -0.0321733
1.142, -0.0222376, -0.110597, -7.83334, -0.152026, 2.08158, -0.0324018
1.162, -0.0221515, -0.111234, -7.8332, -0.15008, 2.0828, -0.0326312
1.182, -0.0220594, -0.111873, -7.83307, -0.148151, 2.08399, -0.0328613
1.202, -0.0219614, -0.112514, -7.83295, -0.14624, 2.08516, -0.0330919
1.222, -0.0218572, -0.113155, -7.83283, -0.144347, 2.0863, -0.0333226
1.242, -0.0217466, -0.113796, -7.83272, -0.142471, 2.08741, -0.0335531
1.263, -0.0216298, -0.114436, -7.83261, -0.140615, 2.0885, -0.0337831
1.283, -0.0215071, -0.115073, -7.83252, -0.138779, 2.08957, -0.0340121
1.303, -0.0213834, -0.115708, -7.83243, -0.136963, 2.09061, -0.0342401
1.323, -0.0212623, -0.11634, -7.83235, -0.135168, 2.09162, -0.0344668
1.343, -0.0211439, -0.116969, -7.83226, -0.133395, 2.09262, -0.034692
1.363, -0.0210285, -0.117594, -7.83219, -0.131644, 2.09359, -0.0349155
1.383, -0.0209165, -0.118214, -7.83211, -0.129916, 2.09454, -0.0351372
1.403, -0.0208081, -0.118829, -7.83205, -0.128213, 2.09547, -0.0353568
1.423, -0.0207037, -0.119439, -7.83198, -0.126534, 2.09638, -0.0355742
1.443, -0.0206034, -0.120044, -7.83192, -0.12488, 2.09726, -0.0357895
1.463, -0.0205074, -0.120643, -7.83186, -0.123253, 2.09813, -0.0360025
1.483, -0.0204157, -0.121237, -7.83181, -0.121653, 2.09897, -0.0362134
1.503, -0.0203284, -0.121826, -7.83175, -0.120081, 2.09979, -0.0364222
1.523, -0.0202454, -0.122411, -7.8317, -0.118537, 2.10059, -0.0366291
1.543, -0.0201663, -0.122991, -7.83165, -0.117023, 2.10138, -0.0368344
1.563, -0.0200912, -0.123569, -7.8316, -0.11554, 2.10213, -0.0370382
1.583, -0.0200194, -0.124144, -7.83155, -0.114088, 2.10287, -0.0372409
1.603, -0.0199506, -0.124719, -7.83149, -0.112668, 2.10359, -0.037443
1.623, -0.0198839, -0.125293, -7.83144, -0.111283, 2.10428, -0.0376448
1.643, -0.0198189, -0.12587, -7.83137, -0.109933, 2.10496, -0.0378469
1.663, -0.0197545, -0.126449, -7.83131, -0.108618, 2.10561, -0.0380498
1.683, -0.0196898, -0.127034, -7.83123, -0.10734, 2.10623, -0.0382541
1.703, -0.0196237, -0.127625, -7.83115, -0.106101, 2.10684, -0.0384603
1.723, -0.0195552, -0.128225, -7.83106, -0.104901, 2.10742, -0.0386692
1.743, -0.0194828, -0.128835, -7.83096, -0.103743, 2.10797, -0.0388812
1.764, -0.0194053, -0.129456, -7.83085, -0.102626, 2.1085, -0.0390971
1.784, -0.0193212, -0.130092, -7.83072, -0.101552, 2.109, -0.0393175
1.804, -0.019229, -0.130742, -7.83059, -0.100523, 2.10948, -0.0395428
1.824, -0.0191272, -0.13141, -7.83043, -0.0995398, 2.10993, -0.0397737
1.844, -0.0190142, -0.132096, -7.83026, -0.0986042, 2.11035, -0.0400108
1.864, -0.0188886, -0.132801, -7.83008, -0.0977165, 2.11074, -0.0402543
1.884, -0.0187486, -0.133528, -7.82988, -0.0968784, 2.11111, -0.0405048
1.904, -0.0185927, -0.134276, -7.82966, -0.0960911, 2.11144, -0.0407625
1.924, -0.0184194, -0.135046, -7.82942, -0.0953556, 2.11174, -0.0410277
1.944, -0.0182271, -0.135839, -7.82916, -0.0946733, 2.11201, -0.0413004
1.964, -0.0180144, -0.136654, -7.82889, -0.0940453, 2.11225, -0.0415807
1.984, -0.0177801, -0.137492, -7.8286, -0.0934728, 2.11246, -0.0418685
2.004, -0.0175227, -0.138351, -7.82829, -0.0929559, 2.11264, -0.0421636
2.024, -0.0172412, -0.139232, -7.82797, -0.0924973, 2.11278, -0.0424658
2.044, -0.0169344, -0.140132, -7.82762, -0.0920959, 2.11289, -0.0427745
2.064, -0.0166015, -0.141051, -7.82727, -0.0917537, 2.11296, -0.0430894
2.084, -0.0162419, -0.141986, -7.82689, -0.0914709, 2.113, -0.0434096
2.104, -0.0158547, -0.142935, -7.82651, -0.0912483, 2.11301, -0.0437346
2.124, -0.0154395, -0.143896, -7.82611, -0.0910868, 2.11298, -0.0440633
2.144, -0.0149959, -0.144866, -7.8257, -0.090987, 2.11292, -0.044395
2.164, -0.0145237, -0.145841, -7.82529, -0.090949, 2.11283, -0.0447284
2.184, -0.014023, -0.14682, -7.82486, -0.0909733, 2.1127, -0.0450625
2.204, -0.0134941, -0.147797, -7.82443, -0.0910603, 2.11253, -0.0453962
2.224, -0.0129368, -0.148771, -7.824, -0.0912106, 2.11233, -0.0457281
2.244, -0.0123519, -0.149736, -7.82357, -0.0914237, 2.1121, -0.046057
2.265, -0.01174, -0.15069, -7.82313, -0.0917002, 2.11183, -0.0463816
2.285, -0.0111015, -0.151628, -7.8227, -0.0920408, 2.11153, -0.0467005
2.305, -0.0104372, -0.152546, -7.82227, -0.0924447, 2.1112, -0.0470125
2.325, -0.00974835, -0.153442, -7.82184, -0.0929127, 2.11083, -0.0473162
2.345, -0.0090358, -0.15431, -7.82143, -0.0934445, 2.11042, -0.0476103
2.365, -0.00830041, -0.155148, -7.82102, -0.0940403, 2.10999, -0.0478937
2.385, -0.00754329, -0.155952, -7.82062, -0.0946997, 2.10951, -0.0481651
2.405, -0.0067658, -0.156718, -7.82023, -0.0954225, 2.109, -0.0484235
2.425, -0.00596882, -0.157445, -7.81986, -0.0962096, 2.10846, -0.0486678
2.445, -0.00515325, -0.158129, -7.81949, -0.0970601, 2.10788, -0.0488972
2.465, -0.00432045, -0.158767, -7.81915, -0.0979739, 2.10727, -0.0491107
2.485, -0.00347112, -0.159359, -7.81881, -0.0989513, 2.10662, -0.0493078
2.505, -0.00260626, -0.159901, -7.8185, -0.0999929, 2.10593, -0.0494879
2.525, -0.00172663, -0.160393, -7.81819, -0.101097, 2.1052, -0.0496503
2.545, -0.000832877, -0.160833, -7.81791, -0.102265, 2.10444, -0.049795
2.565, 7.45097e-05, -0.161221, -7.81764, -0.103496, 2.10363, -0.0499214
2.585, 0.000995129, -0.161556, -7.81738, -0.10479, 2.10279, -0.0500296
2.605, 0.0019288, -0.161838, -7.81714, -0.106147, 2.1019, -0.0501195
2.625, 0.00287549, -0.162067, -7.81692, -0.107567, 2.10096, -0.0501913
2.645, 0.00383528, -0.162244, -7.81671, -0.109049, 2.09998, -0.050245
2.665, 0.00480861, -0.162369, -7.81651, -0.110595, 2.09896, -0.050281
2.685, 0.00579597, -0.162443, -7.81632, -0.112202, 2.09788, -0.0502996
2.705, 0.00679789, -0.162466, -7.81615, -0.113872, 2.09676, -0.0503012
2.725, 0.00781519, -0.162441, -7.81598, -0.115603, 2.09558, -0.0502861
2.745, 0.00884909, -0.162367, -7.81583, -0.117396, 2.09434, -0.0502548
2.766, 0.0099004, -0.162246, -7.81568, -0.119249, 2.09305, -0.0502077
2.786, 0.0109706, -0.162079, -7.81555, -0.121164, 2.0917, -0.0501453
2.806, 0.0120609, -0.161866, -7.81542, -0.123137, 2.09029, -0.0500679
2.826, 0.0131725, -0.161609, -7.81529, -0.125169, 2.08882, -0.0499759
2.846, 0.0143068, -0.161308, -7.81518, -0.12726, 2.08728, -0.0498696
2.866, 0.015465, -0.160964, -7.81506, -0.129407, 2.08568, -0.0497492
2.886, 0.0166486, -0.160575, -7.81496, -0.131611, 2.084, -0.0496147
2.906, 0.0178587, -0.160143, -7.81486, -0.133868, 2.08226, -0.0494662
2.926, 0.0190961, -0.159665, -7.81476, -0.136179, 2.08044, -0.0493036
2.946, 0.020362, -0.159142, -7.81467, -0.138541, 2.07854, -0.0491265
2.966, 0.0216564, -0.158572, -7.81459, -0.140953, 2.07657, -0.048935
2.986, 0.0229803, -0.157952, -7.81452, -0.143412, 2.07453, -0.0487282
3.006, 0.0243333, -0.157282, -7.81445, -0.145917, 2.0724, -0.0485056
3.026, 0.0257152, -0.156558, -7.8144, -0.148465, 2.07019, -0.0482666
3.046, 0.0271251, -0.155778, -7.81435, -0.151055, 2.0679, -0.0480104
3.066, 0.0285621, -0.154938, -7.81432, -0.153682, 2.06553, -0.047736
3.086, 0.0300246, -0.154036, -7.8143, -0.156345, 2.06308, -0.0474424
3.106, 0.0315108, -0.153067, -7.8143, -0.15904, 2.06053, -0.0471284
3.126, 0.0330182, -0.152027, -7.81431, -0.161765, 2.05791, -0.0467929
3.146, 0.034544, -0.150913, -7.81434, -0.164517, 2.0552, -0.0464348
3.166, 0.0360849, -0.149721, -7.8144, -0.167292, 2.0524, -0.0460527
3.186, 0.0376371, -0.148445, -7.81448, -0.170087, 2.04952, -0.0456454
3.206, 0.0391969, -0.147084, -7.81458, -0.172898, 2.04655, -0.0452118
3.226, 0.0407596, -0.145632, -7.81471, -0.175723, 2.04349, -0.0447506
3.246, 0.0423205, -0.144086, -7.81487, -0.178556, 2.04035, -0.0442607
3.267, 0.0438746, -0.142442, -7.81506, -0.181395, 2.03712, -0.043741
3.287, 0.0454166, -0.140698, -7.81528, -0.184237, 2.03381, -0.0431906
3.307, 0.0469411, -0.13885, -7.81553, -0.187077, 2.03041, -0.0426087
3.327, 0.0484426, -0.136897, -7.81581, -0.189912, 2.02693, -0.0419945
3.347, 0.0499154, -0.134835, -7.81613, -0.192738, 2.02335, -0.0413475
3.367, 0.0513542, -0.132665, -7.81649, -0.195552, 2.0197, -0.0406675
3.387, 0.0527535, -0.130385, -7.81687, -0.19835, 2.01596, -0.0399542
3.407, 0.0541079, -0.127994, -7.81729, -0.201128, 2.01213, -0.0392075
3.427, 0.0554126, -0.125493, -7.81775, -0.203883, 2.00822, -0.0384275
3.447, 0.0566628, -0.122883, -7.81823, -0.206611, 2.00422, -0.0376148
3.467, 0.0578542, -0.120165, -7.81875, -0.209308, 2.00013, -0.0367698
3.487, 0.0589829, -0.11734, -7.8193, -0.211972, 1.99596, -0.0358931
3.507, 0.0600458, -0.114411, -7.81988, -0.214598, 1.9917, -0.0349856
3.527, 0.0610393, -0.11138, -7.82048, -0.217184, 1.98736, -0.0340483
3.547, 0.0619618, -0.10825, -7.82111, -0.219725, 1.98292, -0.0330823
3.567, 0.0628108, -0.105024, -7.82177, -0.222217, 1.9784, -0.0320887
3.587, 0.0635851, -0.101706, -7.82244, -0.224659, 1.97378, -0.031069
3.607, 0.0642839, -0.0982992, -7.82314, -0.227044, 1.96908, -0.0300243
3.627, 0.0649072, -0.0948061, -7.82385, -0.229372, 1.96428, -0.028956
3.647, 0.065455, -0.0912308, -7.82458, -0.231636, 1.95939, -0.0278656
3.667, 0.0659277, -0.0875766, -7.82533, -0.233833, 1.9544, -0.0267543
3.687, 0.0663259, -0.0838464, -7.82609, -0.235959, 1.94932, -0.0256234
3.707, 0.0666506, -0.0800429, -7.82686, -0.238011, 1.94415, -0.024474
3.727, 0.0669028, -0.0761686, -7.82765, -0.239982, 1.93888, -0.0233074
3.747, 0.0670833, -0.0722259, -7.82844, -0.241871, 1.93351, -0.0221245
3.768, 0.0671925, -0.0682166, -7.82925, -0.24367, 1.92804, -0.0209264
3.788, 0.067231, -0.0641418, -7.83008, -0.245376, 1.92248, -0.0197135
3.808, 0.0671986, -0.0600027, -7.83092, -0.246984, 1.91683, -0.0184868
3.828, 0.0670944, -0.0557996, -7.83178, -0.248489, 1.91108, -0.0172465
3.848, 0.0669171, -0.0515335, -7.83266, -0.249884, 1.90524, -0.0159932
3.868, 0.0666643, -0.0472039, -7.83356, -0.251167, 1.89931, -0.0147271
3.888, 0.0663323, -0.0428114, -7.83449, -0.25233, 1.89329, -0.0134485
3.908, 0.0659166, -0.0383557, -7.83546, -0.253369, 1.88719, -0.0121575
3.928, 0.0654115, -0.0338371, -7.83646, -0.254278, 1.881, -0.0108543
3.948, 0.0648098, -0.0292564, -7.83751, -0.255052, 1.87474, -0.00953928
3.968, 0.0641026, -0.0246142, -7.83861, -0.255686, 1.86842, -0.00821246
3.988, 0.0632807, -0.0199127, -7.83977, -0.256176, 1.86202, -0.00687446
4.008, 0.0623326, -0.0151544, -7.84099, -0.256515, 1.85558, -0.00552582
4.028, 0.0612458, -0.0103428, -7.84228, -0.256701, 1.84908, -0.00416732
4.048, 0.0600069, -0.00548319, -7.84365, -0.25673, 1.84253, -0.00280018
4.068, 0.0586008, -0.00058256, -7.8451, -0.256597, 1.83596, -0.00142597
4.088, 0.0570116, 0.00435027, -7.84665, -0.2563, 1.82936, -4.67497e-05
4.108, 0.0552223, 0.00930414, -7.8483, -0.255837, 1.82274, 0.00133492
4.128, 0.0532153, 0.0142662, -7.85006, -0.255207, 1.81612, 0.00271604
4.148, 0.0509733, 0.01922, -7.85192, -0.254409, 1.8095, 0.00409271
4.168, 0.048478, 0.0241475, -7.8539, -0.253444, 1.8029, 0.00546072
4.188, 0.0457124, 0.0290266, -7.856, -0.252313, 1.79631, 0.00681477
4.208, 0.0426597, 0.0338326, -7.85822, -0.251018, 1.78976, 0.00814898
4.228, 0.0393044, 0.0385384, -7.86056, -0.249562, 1.78325, 0.0094569
4.248, 0.0356325, 0.043113, -7.86301, -0.247951, 1.77679, 0.010731
4.269, 0.0316318, 0.0475226, -7.86558, -0.246189, 1.77039, 0.0119633
4.289, 0.0272934, 0.051731, -7.86826, -0.244284, 1.76405, 0.0131451
4.309, 0.0226101, 0.0556992, -7.87104, -0.242243, 1.75778, 0.0142669
4.329, 0.0175792, 0.059385, -7.8739, -0.240075, 1.75159, 0.0153188
4.349, 0.0122009, 0.0627455, -7.87684, -0.23779, 1.74548, 0.0162905
4.369, 0.00648027, 0.0657356, -7.87984, -0.235398, 1.73945, 0.0171712
4.389, 0.000426105, 0.0683091, -7.88288, -0.232911, 1.73349, 0.01795
4.409, -0.00594732, 0.0704196, -7.88593, -0.23034, 1.72762, 0.0186161
4.429, -0.0126213, 0.0720216, -7.88898, -0.227699, 1.72183, 0.0191589
4.449, -0.0195713, 0.0730691, -7.89199, -0.225, 1.7161, 0.0195677
4.469, -0.0267689, 0.0735198, -7.89494, -0.222255, 1.71045, 0.0198328
4.489, -0.0341793, 0.0733335, -7.89779, -0.219478, 1.70485, 0.0199453
4.509, -0.0417717, 0.0724884, -7.90051, -0.216675, 1.6993, 0.0199009
4.529, -0.0495722, 0.0710852, -7.90314, -0.21381, 1.69383, 0.0197258
4.549, -0.0575578, 0.069132, -7.90567, -0.210882, 1.68846, 0.019422
4.569, -0.0656876, 0.0666121, -7.90808, -0.2079, 1.68317, 0.0189854
4.589, -0.0739169, 0.0635149, -7.91035, -0.204869, 1.67795, 0.0184131
4.609, -0.0821969, 0.0598332, -7.91245, -0.201799, 1.6728, 0.0177032
4.629, -0.0904774, 0.0555672, -7.91437, -0.198694, 1.6677, 0.0168554
4.649, -0.0987047, 0.0507216, -7.91608, -0.195559, 1.66265, 0.0158706
4.669, -0.106824, 0.0453081, -7.91756, -0.1924, 1.65764, 0.0147513
4.689, -0.114781, 0.0393443, -7.91881, -0.189221, 1.65267, 0.0135015
4.709, -0.122518, 0.0328526, -7.91981, -0.186022, 1.64771, 0.0121262
4.729, -0.129982, 0.025863, -7.92055, -0.182808, 1.64276, 0.0106325
4.749, -0.137119, 0.0184092, -7.92103, -0.179579, 1.63782, 0.00902824
4.77, -0.143877, 0.0105305, -7.92123, -0.176334, 1.63287, 0.00732255
4.79, -0.150207, 0.00227067, -7.92117, -0.173075, 1.62791, 0.0055259
4.81, -0.156066, -0.0063231, -7.92085, -0.169801, 1.62294, 0.00364941
4.83, -0.161412, -0.0151995, -7.92026, -0.16651, 1.61795, 0.00170532
4.85, -0.166208, -0.0243058, -7.91942, -0.163201, 1.61293, -0.000293715
4.87, -0.170425, -0.0335871, -7.91835, -0.159874, 1.60789, -0.00233461
4.89, -0.174035, -0.0429874, -7.91705, -0.156525, 1.60282, -0.00440391
4.91, -0.177022, -0.052451, -7.91554, -0.153156, 1.59773, -0.00648811
4.93, -0.17937, -0.0619217, -7.91384, -0.149763, 1.59261, -0.00857376
4.95, -0.181073, -0.071345, -7.91197, -0.146348, 1.58748, -0.0106477
4.97, -0.18213, -0.0806683, -7.90994, -0.142908, 1.58233, -0.0126971
4.99, -0.182546, -0.0898408, -7.90778, -0.139446, 1.57718, -0.01471
5.01, -0.182333, -0.0988147, -7.9055, -0.135961, 1.57202, -0.0166746
5.03, -0.181509, -0.107545, -7.90313, -0.132455, 1.56688, -0.0185806
5.05, -0.180095, -0.115992, -7.90069, -0.128929, 1.56175, -0.0204185
5.07, -0.178119, -0.124117, -7.89819, -0.125387, 1.55664, -0.0221793
5.09, -0.175614, -0.131888, -7.89566, -0.121833, 1.55158, -0.0238553
5.11, -0.172617, -0.139274, -7.89311, -0.118269, 1.54656, -0.02544
5.13, -0.169165, -0.146253, -7.89055, -0.114701, 1.5416, -0.026928
5.15, -0.165302, -0.152803, -7.88801, -0.111132, 1.53671, -0.028315
5.17, -0.161071, -0.15891, -7.88549, -0.107569, 1.5319, -0.0295977
5.19, -0.156516, -0.164562, -7.88302, -0.104017, 1.52718, -0.0307744
5.21, -0.151685, -0.169751, -7.88059, -0.100484, 1.52256, -0.0318439
5.23, -0.146622, -0.174475, -7.87822, -0.0969746, 1.51806, -0.0328063
5.251, -0.141374, -0.178734, -7.87593, -0.0934973, 1.51367, -0.0336626
5.271, -0.135983, -0.182532, -7.87371, -0.0900578, 1.50941, -0.0344147
5.291, -0.130493, -0.185877, -7.87158, -0.0866642, 1.50529, -0.0350653
5.311, -0.124944, -0.18878, -7.86955, -0.0833239, 1.50131, -0.0356175
5.331, -0.119376, -0.191254, -7.86761, -0.0800433, 1.49748, -0.0360754
5.351, -0.113832, -0.193311, -7.86577, -0.0768296, 1.4938, -0.0364423
5.371, -0.108344, -0.194971, -7.86403, -0.0736901, 1.49029, -0.0367235
5.391, -0.102938, -0.196254, -7.8624, -0.0706308, 1.48693, -0.0369243
5.411, -0.0976422, -0.197181, -7.86087, -0.0676599, 1.48374, -0.0370501
5.431, -0.0924754, -0.197776, -7.85945, -0.0647826, 1.48071, -0.0371069
5.451, -0.0875141, -0.198045, -7.85813, -0.0620003, 1.47785, -0.0370997
5.471, -0.0828277, -0.197997, -7.8569, -0.059313, 1.4752, -0.037034
5.491, -0.0784207, -0.197661, -7.85577, -0.0567279, 1.47273, -0.0369161
5.511, -0.0742937, -0.197065, -7.85474, -0.0542496, 1.47046, -0.0367524
5.531, -0.0704454, -0.196235, -7.85381, -0.0518844, 1.46836, -0.0365486
5.551, -0.066872, -0.195201, -7.85298, -0.0496369, 1.46644, -0.0363105
5.571, -0.063568, -0.193989, -7.85226, -0.0475116, 1.46469, -0.0360435
5.591, -0.0605256, -0.192624, -7.85163, -0.0455124, 1.46309, -0.0357526
5.611, -0.0577364, -0.191131, -7.8511, -0.0436424, 1.46165, -0.0354427
5.631, -0.0551907, -0.189533, -7.85066, -0.0419047, 1.46036, -0.035118
5.651, -0.052878, -0.187852, -7.85031, -0.0403014, 1.4592, -0.0347827
5.671, -0.0507875, -0.186108, -7.85004, -0.0388341, 1.45818, -0.0344404
5.691, -0.0489078, -0.184321, -7.84984, -0.0375039, 1.45727, -0.0340944
5.711, -0.0472278, -0.182507, -7.84971, -0.0363113, 1.45648, -0.0337479
5.731, -0.0457363, -0.180682, -7.84964, -0.0352577, 1.4558, -0.0334033
5.752, -0.0444222, -0.17886, -7.84963, -0.0343412, 1.45522, -0.0330631
5.772, -0.0432749, -0.177053, -7.84966, -0.0335622, 1.45473, -0.0327293
5.792, -0.042284, -0.175273, -7.84974, -0.0329187, 1.45433, -0.0324037
5.812, -0.0414397, -0.173527, -7.84985, -0.0324104, 1.45401, -0.0320876
5.832, -0.0407326, -0.171825, -7.84999, -0.0320338, 1.45378, -0.0317822
5.852, -0.0401538, -0.170172, -7.85016, -0.0317883, 1.45361, -0.0314885
5.872, -0.0396949, -0.168573, -7.85035, -0.0316702, 1.45351, -0.0312073
5.892, -0.0393482, -0.167032, -7.85056, -0.0316775, 1.45348, -0.0309388
5.912, -0.039106, -0.165552, -7.85077, -0.0318067, 1.45351, -0.0306834
5.932, -0.0389618, -0.164135, -7.851, -0.0320552, 1.4536, -0.0304413
5.952, -0.0389088, -0.16278, -7.85124, -0.0324188, 1.45374, -0.0302122
5.972, -0.0389409, -0.161487, -7.85148, -0.0328944, 1.45393, -0.029996
5.992, -0.0390526, -0.160255, -7.85172, -0.0334778, 1.45418, -0.0297924
6.012, -0.0392383, -0.159082, -7.85197, -0.0341665, 1.45447, -0.0296007
6.032, -0.0394929, -0.157966, -7.85222, -0.0349553, 1.45481, -0.0294205
6.052, -0.0398115, -0.156904, -7.85247, -0.0358415, 1.45519, -0.0292511
6.072, -0.0401894, -0.155891, -7.85273, -0.0368206, 1.45562, -0.0290916
6.092, -0.0406222, -0.154925, -7.85298, -0.0378892, 1.4561, -0.0289413
6.112, -0.0411055, -0.154001, -7.85324, -0.0390432, 1.45661, -0.0287995
6.132, -0.041635, -0.153115, -7.85351, -0.040279, 1.45717, -0.0286651
6.152, -0.0422065, -0.152264, -7.85378, -0.0415932, 1.45777, -0.0285374
6.172, -0.0428161, -0.151442, -7.85405, -0.042982, 1.4584, -0.0284155
6.192, -0.0434598, -0.150646, -7.85434, -0.0444415, 1.45908, -0.0282986
6.212, -0.0441337, -0.149871, -7.85463, -0.0459697, 1.4598, -0.0281859
6.232, -0.044834, -0.149114, -7.85494, -0.0475624, 1.46056, -0.0280765
6.253, -0.0455568, -0.148372, -7.85525, -0.0492165, 1.46135, -0.0279698
6.273, -0.0462986, -0.147641, -7.85558, -0.0509297, 1.46219, -0.0278651
6.293, -0.0470557, -0.146918, -7.85593, -0.052699, 1.46306, -0.0277618
6.313, -0.0478247, -0.1462, -7.85628, -0.0545219, 1.46397, -0.0276592
6.333, -0.048602, -0.145485, -7.85666, -0.0563957, 1.46492, -0.0275569
6.353, -0.0493845, -0.144771, -7.85705, -0.0583184, 1.46591, -0.0274544
6.373, -0.050169, -0.144057, -7.85745, -0.0602873, 1.46693, -0.0273515
6.393, -0.0509525, -0.143341, -7.85788, -0.0623013, 1.46799, -0.0272476
6.413, -0.0517321, -0.142622, -7.85832, -0.0643581, 1.46909, -0.0271427
6.433, -0.052505, -0.1419, -7.85878, -0.0664559, 1.47022, -0.0270365
6.453, -0.0532689, -0.141174, -7.85925, -0.0685927, 1.47139, -0.0269289
6.473, -0.0540215, -0.140444, -7.85974, -0.0707673, 1.4726, -0.0268197
6.493, -0.0547605, -0.13971, -7.86025, -0.0729787, 1.47384, -0.0267091
6.513, -0.0554842, -0.138972, -7.86077, -0.0752245, 1.47512, -0.0265969
6.533, -0.0561908, -0.138232, -7.8613, -0.0775044, 1.47643, -0.0264832
6.553, -0.0568788, -0.137489, -7.86185, -0.0798162, 1.47778, -0.026368
6.573, -0.0575468, -0.136744, -7.8624, -0.0821597, 1.47916, -0.0262516
6.593, -0.0581939, -0.135998, -7.86297, -0.0845328, 1.48058, -0.0261339
6.613, -0.0588191, -0.135252, -7.86355, -0.0869347, 1.48203, -0.0260151
6.633, -0.0594217, -0.134506, -7.86413, -0.0893644, 1.48352, -0.0258953
6.653, -0.0600011, -0.133762, -7.86472, -0.0918206, 1.48504, -0.0257746
6.673, -0.0605568, -0.133019, -7.86531, -0.0943024, 1.4866, -0.0256532
6.693, -0.0610885, -0.132279, -7.8659, -0.0968077, 1.48819, -0.0255311
6.713, -0.061596, -0.131541, -7.8665, -0.0993366, 1.48982, -0.0254084
6.733, -0.0620791, -0.130807, -7.86709, -0.101887, 1.49147, -0.0252853
6.754, -0.0625379, -0.130075, -7.86768, -0.104458, 1.49317, -0.0251618
6.774, -0.062972, -0.129348, -7.86827, -0.107049, 1.49489, -0.0250378
6.794, -0.0633817, -0.128623, -7.86885, -0.109657, 1.49666, -0.0249135
6.814, -0.0637668, -0.127902, -7.86943, -0.112282, 1.49845, -0.0247889
6.834, -0.0641273, -0.127184, -7.86999, -0.114922, 1.50028, -0.0246639
6.854, -0.064463, -0.126468, -7.87055, -0.117576, 1.50214, -0.0245385
6.874, -0.0647739, -0.125754, -7.8711, -0.120242, 1.50403, -0.0244126
6.894, -0.0650593, -0.125041, -7.87163, -0.122919, 1.50596, -0.0242863
6.914, -0.0653191, -0.124328, -7.87215, -0.125606, 1.50792, -0.0241595
6.934, -0.0655529, -0.123616, -7.87265, -0.128301, 1.50991, -0.0240321
6.954, -0.0657602, -0.122902, -7.87314, -0.131003, 1.51193, -0.0239041
6.974, -0.0659404, -0.122187, -7.87361, -0.133709, 1.51399, -0.0237755
6.994, -0.0660931, -0.12147, -7.87407, -0.136419, 1.51607, -0.0236461
7.014, -0.0662177, -0.12075, -7.8745, -0.139131, 1.51818, -0.0235161
7.034, -0.0663134, -0.120026, -7.87492, -0.141844, 1.52033, -0.0233853
7.054, -0.0663796, -0.119298, -7.87532, -0.144556, 1.5225, -0.0232537
7.074, -0.0664156, -0.118566, -7.87569, -0.147267, 1.5247, -0.0231216
7.094, -0.0664206, -0.117829, -7.87605, -0.149973, 1.52693, -0.0229888
7.114, -0.0663941, -0.117088, -7.87638, -0.152676, 1.52918, -0.0228556
7.134, -0.0663353, -0.116342, -7.87669, -0.155371, 1.53147, -0.022722
7.154, -0.0662439, -0.115592, -7.87697, -0.158061, 1.53377, -0.0225882
7.174, -0.0661194, -0.114838, -7.87724, -0.160741, 1.53611, -0.0224544
7.194, -0.0659614, -0.114081, -7.87748, -0.163414, 1.53847, -0.0223208
7.214, -0.0657699, -0.113322, -7.8777, -0.166075, 1.54085, -0.0221878
7.234, -0.0655446, -0.112562, -7.87789, -0.168725, 1.54325, -0.0220556
7.255, -0.0652846, -0.111802, -7.87806, -0.171364, 1.54568, -0.0219246
7.275, -0.0649902, -0.111044, -7.8782, -0.173989, 1.54812, -0.0217954
7.295, -0.064662, -0.11029, -7.87833, -0.176602, 1.55059, -0.0216682
7.315, -0.0643009, -0.109541, -7.87842, -0.1792, 1.55308, -0.0215434
7.335, -0.0639078, -0.108799, -7.8785, -0.181783, 1.55559, -0.0214214
7.355, -0.0634843, -0.108065, -7.87855, -0.184351, 1.55812, -0.0213026
7.375, -0.0630318, -0.107342, -7.87858, -0.186904, 1.56067, -0.0211873
7.395, -0.0625521, -0.106631, -7.87859, -0.18944, 1.56324, -0.0210758
7.415, -0.0620474, -0.105933, -7.87858, -0.191958, 1.56583, -0.0209686
7.435, -0.0615196, -0.105252, -7.87854, -0.19446, 1.56843, -0.020866
7.455, -0.0609716, -0.104587, -7.87849, -0.196944, 1.57106, -0.0207681
7.475, -0.0604059, -0.103942, -7.87842, -0.199409, 1.5737, -0.0206754
7.495, -0.0598251, -0.103317, -7.87832, -0.201856, 1.57636, -0.020588
7.515, -0.059232, -0.102713, -7.87821, -0.204284, 1.57904, -0.0205062
7.535, -0.0586297, -0.102133, -7.87809, -0.206693, 1.58173, -0.0204301
7.555, -0.0580212, -0.101577, -7.87794, -0.209081, 1.58445, -0.0203598
7.575, -0.0574096, -0.101045, -7.87778, -0.211451, 1.58718, -0.0202954
7.595, -0.056798, -0.100539, -7.87761, -0.213799, 1.58994, -0.0202369
7.615, -0.0561896, -0.100058, -7.87743, -0.216126, 1.59271, -0.0201843
7.635, -0.0555872, -0.099604, -7.87723, -0.218432, 1.59549, -0.0201375
7.655, -0.054994, -0.0991758, -7.87702, -0.220717, 1.5983, -0.0200963
7.675, -0.0544124, -0.0987733, -7.8768, -0.222979, 1.60113, -0.0200606
7.695, -0.0538454, -0.0983963, -7.87657, -0.225218, 1.60397, -0.0200303
7.715, -0.0532951, -0.0980441, -7.87634, -0.227435, 1.60684, -0.020005
7.735, -0.0527639, -0.097716, -7.87609, -0.229628, 1.60972, -0.0199844
7.756, -0.0522538, -0.097411, -7.87584, -0.231797, 1.61262, -0.0199684
7.776, -0.0517663, -0.0971281, -7.87559, -0.233941, 1.61554, -0.0199565
7.796, -0.051303, -0.096866, -7.87532, -0.236061, 1.61847, -0.0199484
7.816, -0.0508649, -0.0966234, -7.87506, -0.238155, 1.62143, -0.0199438
7.836, -0.050453, -0.096399, -7.87479, -0.240223, 1.6244, -0.0199423
7.856, -0.0500678, -0.0961909, -7.87452, -0.242265, 1.62739, -0.0199435
7.876, -0.0497096, -0.0959981, -7.87424, -0.24428, 1.63039, -0.0199471
7.896, -0.0493783, -0.0958188, -7.87396, -0.246267, 1.63341, -0.0199527
7.916, -0.0490737, -0.0956513, -7.87368, -0.248227, 1.63645, -0.0199599
7.936, -0.0487953, -0.0954943, -7.8734, -0.250159, 1.63951, -0.0199685
7.956, -0.0485422, -0.095346, -7.87312, -0.252061, 1.64258, -0.0199781
7.976, -0.0483133, -0.095205, -7.87284, -0.253936, 1.64566, -0.0199884
7.996, -0.0481077, -0.0950701, -7.87255, -0.25578, 1.64875, -0.0199992
8.016, -0.0479237, -0.0949395, -7.87227, -0.257595, 1.65186, -0.0200101
8.036, -0.0477597, -0.0948124, -7.87198, -0.259379, 1.65499, -0.0200211
8.056, -0.0476142, -0.0946872, -7.8717, -0.261133, 1.65812, -0.0200319
8.076, -0.0474854, -0.0945631, -7.87142, -0.262857, 1.66126, -0.0200424
8.096, -0.0473714, -0.0944389, -7.87113, -0.264549, 1.66442, -0.0200524
8.116, -0.0472704, -0.094314, -7.87085, -0.266211, 1.66758, -0.0200618
8.136, -0.0471805, -0.0941876, -7.87056, -0.26784, 1.67076, -0.0200706
8.156, -0.0470997, -0.094059, -7.87028, -0.269439, 1.67394, -0.0200786
8.176, -0.0470265, -0.0939276, -7.86999, -0.271005, 1.67713, -0.0200859
8.196, -0.046959, -0.0937932, -7.86971, -0.27254, 1.68033, -0.0200925
8.216, -0.0468955, -0.0936552, -7.86943, -0.274043, 1.68353, -0.0200984
8.236, -0.0468344, -0.0935137, -7.86914, -0.275513, 1.68674, -0.0201036
8.257, -0.0467744, -0.0933683, -7.86886, -0.276951, 1.68996, -0.0201081
8.277, -0.0467143, -0.093219, -7.86858, -0.278357, 1.69318, -0.0201119
8.297, -0.0466529, -0.093066, -7.8683, -0.279731, 1.69641, -0.0201152
8.317, -0.0465892, -0.0929092, -7.86802, -0.281072, 1.69964, -0.0201181
8.337, -0.0465226, -0.0927485, -7.86774, -0.282381, 1.70288, -0.0201204
8.357, -0.0464522, -0.0925844, -7.86747, -0.283657, 1.70613, -0.0201224
8.377, -0.0463777, -0.0924169, -7.86719, -0.284901, 1.70937, -0.0201241
8.397, -0.0462987, -0.0922463, -7.86692, -0.286112, 1.71263, -0.0201255
8.417, -0.0462152, -0.0920726, -7.86664, -0.28729, 1.71588, -0.0201266
8.437, -0.046127, -0.0918962, -7.86637, -0.288436, 1.71914, -0.0201275
8.457, -0.0460343, -0.0917172, -7.86611, -0.289548, 1.72241, -0.0201283
8.477, -0.0459374, -0.0915358, -7.86584, -0.290628, 1.72568, -0.0201288
8.497, -0.0458364, -0.0913521, -7.86558, -0.291675, 1.72895, -0.0201292
8.517, -0.0457319, -0.0911663, -7.86532, -0.292688, 1.73223, -0.0201295
8.537, -0.0456243, -0.0909784, -7.86506, -0.293668, 1.73552, -0.0201295
8.557, -0.0455139, -0.0907887, -7.86481, -0.294615, 1.73881, -0.0201292
8.577, -0.0454014, -0.0905971, -7.86455, -0.295528, 1.7421, -0.0201288
8.597, -0.0452872, -0.0904035, -7.86431, -0.296407, 1.7454, -0.020128
8.617, -0.0451719, -0.090208, -7.86406, -0.297252, 1.7487, -0.0201268
8.637, -0.0450557, -0.0900107, -7.86382, -0.298063, 1.75201, -0.0201252
8.657, -0.0449393, -0.0898115, -7.86358, -0.298839, 1.75532, -0.0201231
8.677, -0.0448228, -0.0896103, -7.86334, -0.299581, 1.75864, -0.0201206
8.697, -0.0447065, -0.0894068, -7.8631, -0.300288, 1.76196, -0.0201174
8.717, -0.0445905, -0.0892012, -7.86287, -0.300959, 1.76528, -0.0201136
8.737, -0.044475, -0.0889935, -7.86264, -0.301596, 1.76861, -0.0201092
8.758, -0.0443597, -0.0887835, -7.86241, -0.302196, 1.77195, -0.0201041
8.778, -0.0442448, -0.0885712, -7.86219, -0.302761, 1.77528, -0.0200983
8.798, -0.0441302, -0.0883569, -7.86196, -0.303289, 1.77862, -0.0200919
8.818, -0.0440154, -0.0881406, -7.86173, -0.303781, 1.78196, -0.0200848
8.838, -0.0439004, -0.0879225, -7.86151, -0.304236, 1.78531, -0.0200772
8.858, -0.0437842, -0.0877024, -7.86128, -0.304653, 1.78866, -0.020069
8.878, -0.0436661, -0.0874804, -7.86106, -0.305035, 1.792, -0.0200603
8.898, -0.0435456, -0.0872567, -7.86083, -0.305377, 1.79535, -0.0200512
8.918, -0.0434216, -0.0870314, -7.8606, -0.305683, 1.7987, -0.0200417
8.938, -0.0432934, -0.0868048, -7.86037, -0.30595, 1.80205, -0.020032
8.958, -0.0431599, -0.086577, -7.86014, -0.306178, 1.8054, -0.0200221
8.978, -0.0430203, -0.0863484, -7.8599, -0.306369, 1.80874, -0.0200122
8.998, -0.0428738, -0.0861194, -7.85966, -0.30652, 1.81209, -0.0200025
9.018, -0.0427192, -0.0858901, -7.85942, -0.306633, 1.81543, -0.019993
9.038, -0.0425557, -0.0856611, -7.85918, -0.306706, 1.81876, -0.0199839
9.058, -0.0423826, -0.0854326, -7.85893, -0.306741, 1.8221, -0.0199753
9.078, -0.0421991, -0.0852053, -7.85869, -0.306736, 1.82542, -0.0199675
9.098, -0.0420044, -0.0849794, -7.85843, -0.306691, 1.82875, -0.0199606
9.118, -0.0417983, -0.0847554, -7.85818, -0.306607, 1.83206, -0.0199547
9.138, -0.0415799, -0.0845339, -7.85792, -0.306483, 1.83537, -0.0199499
9.158, -0.0413493, -0.0843152, -7.85766, -0.30632, 1.83868, -0.0199465
9.178, -0.0411061, -0.0840999, -7.85739, -0.306117, 1.84198, -0.0199444
9.198, -0.0408504, -0.0838883, -7.85713, -0.305873, 1.84526, -0.0199439
9.218, -0.0405822, -0.0836807, -7.85686, -0.305591, 1.84854, -0.0199449
9.238, -0.0403019, -0.0834775, -7.85659, -0.305268, 1.85182, -0.0199476
9.259, -0.0400098, -0.0832791, -7.85632, -0.304906, 1.85508, -0.0199521
9.279, -0.0397066, -0.0830857, -7.85605, -0.304503, 1.85834, -0.0199582
9.299, -0.0393929, -0.0828975, -7.85578, -0.304062, 1.86158, -0.0199661
9.319, -0.0390696, -0.0827147, -7.85551, -0.30358, 1.86482, -0.0199758
9.339, -0.0387378, -0.0825374, -7.85524, -0.303059, 1.86805, -0.0199871
9.359, -0.0383984, -0.0823658, -7.85497, -0.302499, 1.87126, -0.02
9.379, -0.0380527, -0.0821997, -7.85471, -0.301899, 1.87447, -0.0200145
9.399, -0.0377019, -0.0820391, -7.85445, -0.30126, 1.87767, -0.0200304
9.419, -0.0373473, -0.0818842, -7.85419, -0.300581, 1.88086, -0.0200477
9.439, -0.0369904, -0.0817343, -7.85394, -0.299863, 1.88404, -0.0200661
9.459, -0.0366323, -0.0815898, -7.85369, -0.299107, 1.88721, -0.0200856
9.479, -0.0362747, -0.0814502, -7.85345, -0.298312, 1.89037, -0.020106
9.499, -0.0359188, -0.0813152, -7.85322, -0.297479, 1.89352, -0.0201271
9.519, -0.0355659, -0.0811849, -7.85299, -0.296607, 1.89666, -0.0201489
9.539, -0.0352175, -0.0810588, -7.85277, -0.295696, 1.89979, -0.020171
9.559, -0.0348747, -0.0809369, -7.85256, -0.294748, 1.90291, -0.0201935
9.579, -0.0345396, -0.0808269, -7.85235, -0.293764, 1.90602, -0.0202185
9.599, -0.0342141, -0.0807317, -7.85214, -0.292746, 1.90912, -0.0202466
9.619, -0.0338986, -0.0806514, -7.85193, -0.291694, 1.91221, -0.0202778
9.639, -0.0335943, -0.0805856, -7.85172, -0.290608, 1.91528, -0.0203121
9.659, -0.0333017, -0.0805342, -7.85151, -0.289489, 1.91834, -0.0203495
9.679, -0.0330211, -0.080497, -7.8513, -0.288336, 1.92139, -0.0203897
9.699, -0.032753, -0.0804738, -7.85109, -0.287151, 1.92442, -0.0204329
9.719, -0.0324975, -0.0804649, -7.85089, -0.285933, 1.92744, -0.0204792
9.739, -0.0322545, -0.0804699, -7.85068, -0.284683, 1.93045, -0.0205283
9.76, -0.0320237, -0.0804891, -7.85048, -0.283402, 1.93344, -0.0205806
9.78, -0.0318049, -0.0805222, -7.85028, -0.282089, 1.93642, -0.020636
9.8, -0.0315976, -0.0805697, -7.85008, -0.280745, 1.93938, -0.0206946
9.82, -0.0314011, -0.0806315, -7.84988, -0.279371, 1.94232, -0.0207565
9.84, -0.0312147, -0.0807079, -7.84968, -0.277966, 1.94525, -0.0208219
9.86, -0.0310373, -0.0807989, -7.84948, -0.276532, 1.94816, -0.0208909
9.88, -0.0308683, -0.0809051, -7.84928, -0.27507, 1.95106, -0.0209638
9.9, -0.0307063, -0.0810264, -7.84908, -0.273578, 1.95393, -0.0210405
9.92, -0.0305504, -0.0811635, -7.84888, -0.272059, 1.95679, -0.0211215
9.94, -0.0303995, -0.0813164, -7.84868, -0.270512, 1.95962, -0.0212068
9.96, -0.0302523, -0.0814856, -7.84847, -0.268938, 1.96244, -0.0212966
9.98, -0.0301076, -0.0816713, -7.84826, -0.267339, 1.96523, -0.0213912
10, -0.0299645, -0.0818737, -7.84804, -0.265713, 1.968, -0.0214906
