0, 0.00893572, 0.017659, -7.68789, -0.241347, 1.91697, 0.00500824
0.02, 0.00908358, 0.0173347, -7.68784, -0.23982, 1.91974, 0.00491425
0.04, 0.00923321, 0.0169999, -7.68778, -0.238266, 1.92249, 0.00481659
0.06, 0.0093856, 0.0166544, -7.68773, -0.236687, 1.92521, 0.00471511
0.08, 0.00954159, 0.0162978, -7.68767, -0.235083, 1.92792, 0.00460969
0.1, 0.00970158, 0.0159302, -7.6876, -0.233454, 1.93059, 0.00450033
0.12, 0.00986635, 0.0155515, -7.68754, -0.231801, 1.93325, 0.00438692
0.14, 0.010036, 0.015162, -7.68746, -0.230125, 1.93587, 0.00426954
0.16, 0.010211, 0.0147613, -7.68739, -0.228426, 1.93847, 0.00414809
0.18, 0.0103914, 0.0143501, -7.6873, -0.226705, 1.94105, 0.00402274
0.2, 0.0105769, 0.0139283, -7.68722, -0.224962, 1.94359, 0.00389347
0.22, 0.0107677, 0.0134965, -7.68713, -0.223199, 1.94611, 0.00376046
0.24, 0.0109632, 0.0130549, -7.68703, -0.221415, 1.94861, 0.00362383
0.261, 0.0111629, 0.0126043, -7.68693, -0.219612, 1.95107, 0.00348382
0.281, 0.0113663, 0.0121448, -7.68682, -0.217791, 1.95351, 0.00334053
0.301, 0.0115727, 0.0116775, -7.68671, -0.215951, 1.95592, 0.00319428
0.321, 0.0117812, 0.0112031, -7.6866, -0.214093, 1.95831, 0.00304535
0.341, 0.0119909, 0.010722, -7.68648, -0.212218, 1.96067, 0.00289394
0.361, 0.0122008, 0.0102354, -7.68636, -0.210327, 1.963, 0.00274044
0.381, 0.0124099, 0.00974376, -7.68623, -0.20842, 1.9653, 0.00258506
0.401, 0.0126171, 0.00924836, -7.6861, -0.206499, 1.96757, 0.00242825
0.421, 0.0128212, 0.00874967, -7.68597, -0.204563, 1.96982, 0.0022702
0.441, 0.0130212, 0.00824875, -7.68584, -0.202613, 1.97205, 0.00211129
0.461, 0.0132158, 0.00774651, -7.68571, -0.20065, 1.97424, 0.00195188
0.481, 0.0134041, 0.00724365, -7.68558, -0.198675, 1.97641, 0.00179222
0.501, 0.013585, 0.00674085, -7.68545, -0.196688, 1.97856, 0.00163256
0.521, 0.0137573, 0.00623905, -7.68531, -0.19469, 1.98068, 0.00147326
0.541, 0.0139204, 0.00573885, -7.68518, -0.192681, 1.98277, 0.00131453
0.561, 0.0140733, 0.00524076, -7.68505, -0.190663, 1.98484, 0.00115656
0.581, 0.0142152, 0.00474514, -7.68492, -0.188636, 1.98688, 0.000999503
0.601, 0.0143456, 0.00425256, -7.6848, -0.186601, 1.9889, 0.000843539
0.621, 0.0144639, 0.0037633, -7.68468, -0.184559, 1.99089, 0.000688783
0.641, 0.0145695, 0.00327764, -7.68456, -0.18251, 1.99286, 0.000535339
0.661, 0.0146623, 0.0027953, -7.68444, -0.180454, 1.99481, 0.000383104
0.681, 0.0147421, 0.00231672, -7.68432, -0.178395, 1.99673, 0.000232227
0.701, 0.0148089, 0.00184155, -7.68421, -0.176331, 1.99862, 8.25826e-05
0.721, 0.0148626, 0.00136952, -7.68411, -0.174263, 2.00049, -6.59275e-05
0.741, 0.0149036, 0.000900353, -7.684, -0.172193, 2.00234, -0.000213422
0.762, 0.0149319, 0.000433719, -7.6839, -0.170122, 2.00416, -0.000360014
0.782, 0.0149481, -3.0898e-05, -7.6838, -0.168049, 2.00595, -0.000505904
0.802, 0.0149527, -0.000494147, -7.68371, -0.165977, 2.00772, -0.000651333
0.822, 0.0149461, -0.000956472, -7.68362, -0.163906, 2.00947, -0.00079647
0.842, 0.014929, -0.00141868, -7.68353, -0.161838, 2.01119, -0.000941619
0.862, 0.014902, -0.00188118, -7.68344, -0.159771, 2.01288, -0.00108693
0.882, 0.0148659, -0.00234487, -7.68336, -0.157709, 2.01455, -0.00123275
0.902, 0.0148216, -0.00281033, -7.68328, -0.155652, 2.0162, -0.00137929
0.922, 0.0147696, -0.00327824, -7.6832, -0.1536, 2.01782, -0.00152681
0.942, 0.0147108, -0.00374909, -7.68313, -0.151554, 2.01941, -0.00167549
0.962, 0.014646, -0.00422351, -7.68306, -0.149517, 2.02097, -0.00182559
0.982, 0.0145759, -0.00470196, -7.68299, -0.147487, 2.02251, -0.00197727
1.002, 0.0145012, -0.00518501, -7.68292, -0.145467, 2.02403, -0.00213074
1.022, 0.0144226, -0.00567272, -7.68286, -0.143457, 2.02552, -0.00228606
1.042, 0.0143408, -0.00616558, -7.68279, -0.141458, 2.02698, -0.0024434
1.062, 0.0142562, -0.00666374, -7.68273, -0.139471, 2.02841, -0.00260282
1.082, 0.0141695, -0.00716703, -7.68267, -0.137496, 2.02982, -0.0027643
1.102, 0.014081, -0.0076755, -7.68262, -0.135534, 2.03121, -0.00292784
1.122, 0.013991, -0.00818898, -7.68257, -0.133587, 2.03256, -0.0030934
1.142, 0.0138999, -0.00870709, -7.68252, -0.131654, 2.0339, -0.00326086
1.162, 0.0138079, -0.00922958, -7.68247, -0.129738, 2.0352, -0.00343015
1.182, 0.0137152, -0.00975577, -7.68243, -0.127837, 2.03649, -0.00360101
1.202, 0.0136218, -0.0102855, -7.68239, -0.125954, 2.03774, -0.00377341
1.222, 0.0135276, -0.0108177, -7.68236, -0.124089, 2.03898, -0.00394698
1.242, 0.0134328, -0.0113521, -7.68233, -0.122241, 2.04018, -0.00412162
1.263, 0.0133372, -0.0118877, -7.68231, -0.120413, 2.04137, -0.00429702
1.283, 0.0132405, -0.0124239, -7.68229, -0.118605, 2.04253, -0.00447291
1.303, 0.0131428, -0.01296, -7.68227, -0.116817, 2.04367, -0.00464906
1.323, 0.0130438, -0.0134953, -7.68226, -0.11505, 2.04478, -0.00482523
1.343, 0.0129432, -0.0140289, -7.68226, -0.113305, 2.04587, -0.00500113
1.363, 0.0128411, -0.0145603, -7.68226, -0.111582, 2.04694, -0.00517657
1.383, 0.0127371, -0.0150892, -7.68227, -0.109882, 2.04799, -0.00535142
1.403, 0.0126312, -0.0156147, -7.68228, -0.108206, 2.04902, -0.00552541
1.423, 0.0125232, -0.0161366, -7.6823, -0.106554, 2.05002, -0.00569838
1.443, 0.012413, -0.0166548, -7.68232, -0.104928, 2.05101, -0.00587038
1.463, 0.0123008, -0.017169, -7.68235, -0.103328, 2.05197, -0.00604128
1.483, 0.0121866, -0.0176795, -7.68238, -0.101754, 2.05291, -0.00621111
1.503, 0.0120706, -0.0181862, -7.68241, -0.100208, 2.05383, -0.00637994
1.523, 0.011953, -0.0186897, -7.68245, -0.09869, 2.05473, -0.00654787
1.543, 0.0118343, -0.0191904, -7.68249, -0.0972018, 2.0556, -0.0067151
1.563, 0.0117148, -0.019689, -7.68253, -0.0957435, 2.05646, -0.00688185
1.583, 0.0115952, -0.0201861, -7.68257, -0.0943166, 2.05729, -0.00704834
1.603, 0.011476, -0.0206831, -7.68261, -0.0929213, 2.0581, -0.00721501
1.623, 0.0113581, -0.0211808, -7.68265, -0.0915598, 2.05889, -0.0073822
1.643, 0.0112424, -0.0216808, -7.68269, -0.0902321, 2.05966, -0.00755037
1.663, 0.0111296, -0.0221839, -7.68272, -0.0889395, 2.0604, -0.00771989
1.683, 0.0110211, -0.022692, -7.68275, -0.0876837, 2.06112, -0.00789134
1.703, 0.010918, -0.0232063, -7.68278, -0.0864654, 2.06182, -0.00806519
1.723, 0.0108214, -0.0237284, -7.68279, -0.0852852, 2.06249, -0.00824198
1.743, 0.0107328, -0.0242599, -7.6828, -0.0841457, 2.06314, -0.00842227
1.764, 0.0106535, -0.0248021, -7.6828, -0.0830467, 2.06376, -0.00860646
1.784, 0.0105848, -0.0253568, -7.68278, -0.0819896, 2.06435, -0.00879523
1.804, 0.0105283, -0.025925, -7.68276, -0.0809761, 2.06492, -0.00898888
1.824, 0.0104855, -0.026508, -7.68272, -0.0800074, 2.06546, -0.0091879
1.844, 0.0104577, -0.0271072, -7.68268, -0.0790847, 2.06597, -0.00939273
1.864, 0.0104464, -0.0277231, -7.68261, -0.0782083, 2.06645, -0.00960358
1.884, 0.0104533, -0.0283567, -7.68254, -0.07738, 2.0669, -0.00982079
1.904, 0.0104793, -0.0290083, -7.68245, -0.0766006, 2.06732, -0.0100445
1.924, 0.0105263, -0.0296783, -7.68234, -0.075871, 2.06771, -0.0102747
1.944, 0.0105951, -0.0303666, -7.68222, -0.0751928, 2.06807, -0.0105115
1.964, 0.0106871, -0.0310727, -7.68209, -0.0745666, 2.0684, -0.0107547
1.984, 0.0108033, -0.031796, -7.68194, -0.0739937, 2.06869, -0.0110041
2.004, 0.0109446, -0.0325357, -7.68177, -0.073474, 2.06896, -0.0112593
2.024, 0.0111119, -0.0332904, -7.68159, -0.0730099, 2.06919, -0.0115199
2.044, 0.0113059, -0.0340583, -7.6814, -0.0726005, 2.06938, -0.0117853
2.064, 0.0115271, -0.0348377, -7.6812, -0.0722473, 2.06955, -0.0120549
2.084, 0.0117758, -0.0356261, -7.68099, -0.0719505, 2.06968, -0.0123279
2.104, 0.0120523, -0.0364213, -7.68076, -0.071711, 2.06978, -0.0126033
2.124, 0.0123567, -0.03722, -7.68053, -0.0715292, 2.06984, -0.0128802
2.144, 0.0126889, -0.0380196, -7.68029, -0.0714058, 2.06987, -0.0131575
2.164, 0.0130486, -0.0388163, -7.68005, -0.0713407, 2.06987, -0.0134341
2.184, 0.0134354, -0.0396069, -7.6798, -0.0713342, 2.06983, -0.0137087
2.204, 0.0138486, -0.0403878, -7.67955, -0.0713869, 2.06976, -0.0139801
2.224, 0.0142877, -0.0411551, -7.67929, -0.071499, 2.06966, -0.014247
2.244, 0.0147518, -0.0419051, -7.67904, -0.0716701, 2.06952, -0.0145081
2.265, 0.0152399, -0.042636, -7.67879, -0.0719011, 2.06935, -0.0147627
2.285, 0.015751, -0.0433438, -7.67854, -0.0721926, 2.06915, -0.0150095
2.305, 0.016284, -0.0440249, -7.6783, -0.0725439, 2.06892, -0.0152472
2.325, 0.0168375, -0.0446756, -7.67807, -0.0729557, 2.06865, -0.0154745
2.345, 0.0174103, -0.0452925, -7.67785, -0.0734276, 2.06835, -0.0156903
2.365, 0.0180024, -0.0458741, -7.67763, -0.0739606, 2.06801, -0.0158941
2.385, 0.0186135, -0.0464184, -7.67743, -0.0745547, 2.06764, -0.0160851
2.405, 0.0192423, -0.0469228, -7.67724, -0.0752097, 2.06724, -0.0162626
2.425, 0.0198878, -0.0473845, -7.67706, -0.0759266, 2.06681, -0.0164255
2.445, 0.0205487, -0.0478014, -7.6769, -0.0767045, 2.06633, -0.0165732
2.465, 0.0212239, -0.0481716, -7.67676, -0.0775434, 2.06583, -0.016705
2.485, 0.0219124, -0.0484933, -7.67663, -0.0784438, 2.06529, -0.0168203
2.505, 0.0226133, -0.0487654, -7.67652, -0.0794064, 2.06471, -0.0169188
2.525, 0.0233257, -0.0489869, -7.67642, -0.0804297, 2.06409, -0.0170002
2.545, 0.0240489, -0.0491573, -7.67634, -0.0815141, 2.06344, -0.0170642
2.565, 0.0247824, -0.0492762, -7.67627, -0.0826608, 2.06274, -0.0171109
2.585, 0.0255257, -0.049344, -7.67622, -0.0838682, 2.06201, -0.0171403
2.605, 0.0262785, -0.0493609, -7.67619, -0.0851377, 2.06123, -0.0171526
2.625, 0.0270408, -0.0493277, -7.67616, -0.0864685, 2.06041, -0.0171482
2.645, 0.0278125, -0.0492456, -7.67616, -0.0878608, 2.05954, -0.0171274
2.665, 0.0285941, -0.0491154, -7.67616, -0.0893149, 2.05863, -0.0170906
2.685, 0.0293857, -0.0489388, -7.67618, -0.0908306, 2.05767, -0.0170385
2.705, 0.030188, -0.0487172, -7.6762, -0.0924068, 2.05666, -0.0169716
2.725, 0.0310016, -0.0484522, -7.67624, -0.0940453, 2.05559, -0.0168906
2.745, 0.0318274, -0.0481456, -7.67628, -0.0957437, 2.05447, -0.016796
2.766, 0.0326664, -0.0477992, -7.67633, -0.0975035, 2.0533, -0.0166886
2.786, 0.0335197, -0.0474145, -7.67639, -0.0993237, 2.05207, -0.0165691
2.806, 0.0343882, -0.0469929, -7.67645, -0.101204, 2.05077, -0.0164379
2.826, 0.0352731, -0.0465359, -7.67652, -0.103142, 2.04942, -0.0162958
2.846, 0.0361756, -0.046045, -7.67659, -0.10514, 2.048, -0.0161433
2.866, 0.0370966, -0.0455209, -7.67667, -0.107195, 2.04652, -0.0159807
2.886, 0.0380376, -0.0449643, -7.67675, -0.109308, 2.04496, -0.0158084
2.906, 0.0389992, -0.0443757, -7.67683, -0.111476, 2.04334, -0.0156267
2.926, 0.0399823, -0.0437553, -7.67692, -0.113699, 2.04165, -0.0154358
2.946, 0.0409876, -0.0431028, -7.67701, -0.115975, 2.03988, -0.0152356
2.966, 0.0420155, -0.0424178, -7.6771, -0.118302, 2.03803, -0.0150263
2.986, 0.0430663, -0.041699, -7.6772, -0.12068, 2.03612, -0.0148074
3.006, 0.0441396, -0.0409455, -7.67731, -0.123106, 2.03412, -0.0145788
3.026, 0.0452354, -0.0401555, -7.67742, -0.125578, 2.03204, -0.01434
3.046, 0.0463526, -0.0393273, -7.67754, -0.128094, 2.02988, -0.0140906
3.066, 0.0474904, -0.0384583, -7.67766, -0.130652, 2.02764, -0.0138297
3.086, 0.0486473, -0.0375465, -7.6778, -0.133249, 2.02532, -0.0135569
3.106, 0.0498215, -0.0365888, -7.67796, -0.135883, 2.02292, -0.0132712
3.126, 0.0510106, -0.0355826, -7.67812, -0.138552, 2.02043, -0.0129718
3.146, 0.0522124, -0.0345249, -7.6783, -0.141252, 2.01786, -0.0126579
3.166, 0.0534236, -0.0334125, -7.6785, -0.143979, 2.0152, -0.0123285
3.186, 0.0546411, -0.0322424, -7.67872, -0.146733, 2.01246, -0.0119827
3.206, 0.0558613, -0.0310116, -7.67895, -0.149509, 2.00963, -0.0116195
3.226, 0.0570803, -0.0297175, -7.67921, -0.152305, 2.00672, -0.0112381
3.246, 0.058294, -0.0283569, -7.6795, -0.155116, 2.00372, -0.0108377
3.267, 0.0594981, -0.0269275, -7.67981, -0.15794, 2.00064, -0.0104175
3.287, 0.060688, -0.0254271, -7.68014, -0.160774, 1.99747, -0.00997684
3.307, 0.0618593, -0.0238538, -7.6805, -0.163614, 1.99421, -0.00951515
3.327, 0.0630073, -0.022206, -7.68089, -0.166456, 1.99087, -0.00903198
3.347, 0.0641273, -0.0204826, -7.6813, -0.169299, 1.98744, -0.00852701
3.367, 0.0652151, -0.0186831, -7.68175, -0.172137, 1.98392, -0.00800014
3.387, 0.0662664, -0.0168071, -7.68222, -0.174968, 1.98032, -0.00745134
3.407, 0.0672768, -0.0148547, -7.68271, -0.177789, 1.97662, -0.00688067
3.427, 0.0682428, -0.0128268, -7.68324, -0.180595, 1.97284, -0.0062885
3.447, 0.0691609, -0.0107244, -7.68378, -0.183384, 1.96898, -0.00567524
3.467, 0.0700281, -0.00854898, -7.68436, -0.186153, 1.96502, -0.00504149
3.487, 0.0708418, -0.00630256, -7.68495, -0.188897, 1.96097, -0.00438797
3.507, 0.0716, -0.00398713, -7.68557, -0.191615, 1.95683, -0.00371546
3.527, 0.0723009, -0.0016055, -7.6862, -0.194301, 1.9526, -0.00302498
3.547, 0.0729438, 0.000839768, -7.68685, -0.196953, 1.94828, -0.00231752
3.567, 0.0735277, 0.00334577, -7.68752, -0.199567, 1.94386, -0.00159416
3.587, 0.0740527, 0.00590923, -7.6882, -0.20214, 1.93934, -0.000856151
3.607, 0.0745192, 0.00852741, -7.68888, -0.204667, 1.93473, -0.000104538
3.627, 0.0749284, 0.0111975, -7.68958, -0.207145, 1.93002, 0.000659536
3.647, 0.0752812, 0.0139167, -7.69029, -0.209571, 1.92521, 0.00143492
3.667, 0.0755793, 0.016682, -7.691, -0.21194, 1.9203, 0.00222049
3.687, 0.0758243, 0.0194916, -7.69171, -0.214247, 1.91529, 0.00301533
3.707, 0.0760181, 0.0223435, -7.69243, -0.216489, 1.91017, 0.00381854
3.727, 0.0761627, 0.0252362, -7.69315, -0.218661, 1.90495, 0.00462942
3.747, 0.0762598, 0.0281685, -7.69388, -0.220758, 1.89962, 0.00544721
3.768, 0.0763107, 0.0311396, -7.6946, -0.222776, 1.89419, 0.00627146
3.788, 0.0763165, 0.0341496, -7.69533, -0.224708, 1.88865, 0.00710189
3.808, 0.076278, 0.0371986, -7.69606, -0.226551, 1.88301, 0.00793822
3.828, 0.0761947, 0.0402876, -7.69681, -0.228299, 1.87727, 0.00878052
3.848, 0.0760658, 0.0434171, -7.69756, -0.229945, 1.87142, 0.00962876
3.868, 0.0758895, 0.0465889, -7.69832, -0.231485, 1.86548, 0.0104833
3.888, 0.0756625, 0.0498041, -7.6991, -0.232913, 1.85943, 0.0113442
3.908, 0.0753808, 0.0530647, -7.6999, -0.234223, 1.8533, 0.0122121
3.928, 0.0750389, 0.0563721, -7.70072, -0.235409, 1.84707, 0.0130874
3.948, 0.0746298, 0.0597274, -7.70158, -0.236466, 1.84075, 0.0139703
3.968, 0.0741451, 0.0631318, -7.70247, -0.237387, 1.83436, 0.0148613
3.988, 0.0735756, 0.0665856, -7.70341, -0.238167, 1.82789, 0.0157606
4.008, 0.0729098, 0.0700884, -7.70439, -0.238801, 1.82135, 0.0166684
4.028, 0.072135, 0.0736388, -7.70543, -0.239284, 1.81475, 0.0175846
4.048, 0.0712377, 0.0772343, -7.70653, -0.239612, 1.8081, 0.0185087
4.068, 0.0702026, 0.0808706, -7.7077, -0.23978, 1.8014, 0.0194402
4.088, 0.0690137, 0.0845422, -7.70895, -0.239783, 1.79467, 0.0203777
4.108, 0.0676538, 0.0882414, -7.71027, -0.23962, 1.7879, 0.02132
4.128, 0.0661052, 0.091959, -7.71168, -0.239287, 1.78112, 0.0222648
4.148, 0.06435, 0.0956828, -7.71317, -0.238782, 1.77434, 0.0232097
4.168, 0.0623697, 0.0993993, -7.71477, -0.238105, 1.76755, 0.0241516
4.188, 0.0601464, 0.103091, -7.71645, -0.237255, 1.76077, 0.0250866
4.208, 0.0576628, 0.106739, -7.71824, -0.236233, 1.75402, 0.0260102
4.228, 0.0549023, 0.110323, -7.72012, -0.235041, 1.7473, 0.0269175
4.248, 0.05185, 0.113816, -7.7221, -0.23368, 1.74062, 0.0278026
4.269, 0.0484921, 0.117192, -7.72417, -0.232154, 1.73398, 0.0286591
4.289, 0.0448181, 0.120423, -7.72633, -0.230469, 1.72741, 0.0294803
4.309, 0.0408191, 0.123476, -7.72858, -0.228628, 1.72089, 0.0302585
4.329, 0.03649, 0.126318, -7.7309, -0.226638, 1.71445, 0.0309856
4.349, 0.0318287, 0.128914, -7.73328, -0.224507, 1.70809, 0.0316532
4.369, 0.026837, 0.131227, -7.73571, -0.222242, 1.7018, 0.0322527
4.389, 0.0215209, 0.133221, -7.73818, -0.219853, 1.6956, 0.0327751
4.409, 0.0158908, 0.134857, -7.74067, -0.217347, 1.68948, 0.0332114
4.429, 0.0099606, 0.136101, -7.74316, -0.214736, 1.68344, 0.0335535
4.449, 0.00374048, 0.136937, -7.74565, -0.212019, 1.67749, 0.0337979
4.469, -0.00274962, 0.137337, -7.74812, -0.209207, 1.67164, 0.033938
4.489, -0.00948189, 0.13727, -7.75054, -0.206309, 1.66586, 0.0339665
4.509, -0.0164246, 0.136706, -7.75289, -0.203333, 1.66017, 0.0338764
4.529, -0.0235414, 0.135622, -7.75516, -0.200291, 1.65456, 0.0336618
4.549, -0.0307909, 0.133995, -7.75732, -0.197191, 1.64901, 0.0333178
4.569, -0.0381289, 0.131807, -7.75934, -0.194042, 1.64352, 0.0328403
4.589, -0.0455072, 0.129047, -7.76121, -0.190853, 1.63809, 0.0322267
4.609, -0.0528746, 0.125707, -7.76291, -0.187631, 1.6327, 0.0314757
4.629, -0.0601784, 0.121785, -7.76441, -0.184382, 1.62734, 0.0305874
4.649, -0.0673633, 0.117285, -7.76569, -0.181114, 1.622, 0.0295632
4.669, -0.074374, 0.112219, -7.76673, -0.17783, 1.61668, 0.0284063
4.689, -0.081155, 0.106603, -7.76753, -0.174536, 1.61136, 0.0271215
4.709, -0.0876518, 0.100459, -7.76805, -0.171232, 1.60603, 0.0257148
4.729, -0.0938115, 0.093818, -7.7683, -0.167923, 1.60068, 0.0241941
4.749, -0.0995839, 0.0867136, -7.76826, -0.164608, 1.59531, 0.0225683
4.77, -0.104922, 0.0791865, -7.76793, -0.161287, 1.58991, 0.0208478
4.79, -0.109784, 0.0712821, -7.76729, -0.157961, 1.58447, 0.0190442
4.81, -0.114132, 0.0630499, -7.76636, -0.154626, 1.579, 0.01717
4.83, -0.117933, 0.0545441, -7.76513, -0.151281, 1.57348, 0.0152387
4.85, -0.121162, 0.0458211, -7.7636, -0.147924, 1.56791, 0.0132643
4.87, -0.123799, 0.0369399, -7.76179, -0.144551, 1.56231, 0.0112611
4.89, -0.125832, 0.0279613, -7.7597, -0.141158, 1.55667, 0.00924384
4.91, -0.127254, 0.0189463, -7.75735, -0.137743, 1.551, 0.00722712
4.93, -0.128068, 0.0099562, -7.75475, -0.134303, 1.54531, 0.00522539
4.95, -0.128282, 0.00105145, -7.75193, -0.130834, 1.5396, 0.00325267
4.97, -0.127911, -0.00770974, -7.74889, -0.127334, 1.53388, 0.00132227
4.99, -0.126975, -0.0162711, -7.74567, -0.1238, 1.52818, -0.000553188
5.01, -0.125504, -0.0245798, -7.74228, -0.120233, 1.52249, -0.00236214
5.03, -0.123528, -0.0325865, -7.73876, -0.116631, 1.51684, -0.00409397
5.05, -0.121086, -0.0402468, -7.73512, -0.112993, 1.51124, -0.00573955
5.07, -0.118218, -0.0475201, -7.73139, -0.109322, 1.50571, -0.00729075
5.09, -0.114969, -0.0543715, -7.72761, -0.105619, 1.50026, -0.00874104
5.11, -0.111385, -0.0607713, -7.72379, -0.101888, 1.49492, -0.0100852
5.13, -0.107513, -0.0666954, -7.71997, -0.098132, 1.48968, -0.0113192
5.15, -0.103404, -0.0721251, -7.71617, -0.0943555, 1.48457, -0.0124405
5.17, -0.0991041, -0.0770471, -7.71241, -0.0905648, 1.47961, -0.0134478
5.19, -0.0946621, -0.0814541, -7.70873, -0.0867651, 1.47481, -0.0143409
5.21, -0.0901237, -0.085343, -7.70513, -0.0829649, 1.47017, -0.015121
5.23, -0.0855328, -0.0887167, -7.70166, -0.0791703, 1.46572, -0.0157902
5.251, -0.0809305, -0.0915817, -7.69832, -0.0753909, 1.46145, -0.0163514
5.271, -0.0763548, -0.0939493, -7.69513, -0.0716341, 1.45739, -0.0168085
5.291, -0.0718403, -0.0958347, -7.69211, -0.067909, 1.45352, -0.0171662
5.311, -0.0674181, -0.0972556, -7.68926, -0.0642253, 1.44986, -0.0174294
5.331, -0.0631151, -0.0982337, -7.68662, -0.0605911, 1.44641, -0.0176039
5.351, -0.0589549, -0.0987921, -7.68417, -0.0570162, 1.44317, -0.0176956
5.371, -0.0549588, -0.0989557, -7.68192, -0.0535091, 1.44014, -0.0177105
5.391, -0.0511453, -0.0987507, -7.67989, -0.0500775, 1.43732, -0.0176549
5.411, -0.0475251, -0.0982055, -7.67806, -0.0467314, 1.43471, -0.0175353
5.431, -0.0441054, -0.0973493, -7.67645, -0.0434776, 1.4323, -0.0173579
5.451, -0.0408905, -0.0962112, -7.67504, -0.0403247, 1.43009, -0.0171291
5.471, -0.0378826, -0.0948207, -7.67383, -0.0372794, 1.42806, -0.0168548
5.491, -0.0350813, -0.0932066, -7.67283, -0.0343491, 1.42621, -0.0165411
5.511, -0.0324839, -0.0913967, -7.67201, -0.0315386, 1.42454, -0.0161933
5.531, -0.0300864, -0.0894186, -7.67137, -0.0288542, 1.42303, -0.0158169
5.551, -0.0278831, -0.0872982, -7.6709, -0.0263005, 1.42168, -0.0154169
5.571, -0.0258672, -0.0850607, -7.67059, -0.0238817, 1.42047, -0.0149979
5.591, -0.0240309, -0.0827296, -7.67042, -0.0216014, 1.41941, -0.0145643
5.611, -0.0223658, -0.0803271, -7.67039, -0.0194624, 1.41847, -0.0141202
5.631, -0.020863, -0.077874, -7.67048, -0.0174672, 1.41765, -0.0136693
5.651, -0.0195132, -0.0753894, -7.67068, -0.0156176, 1.41695, -0.0132148
5.671, -0.018307, -0.0728909, -7.67098, -0.0139144, 1.41635, -0.0127599
5.691, -0.0172351, -0.0703945, -7.67136, -0.0123584, 1.41584, -0.0123074
5.711, -0.0162885, -0.0679148, -7.67181, -0.0109495, 1.41542, -0.0118595
5.731, -0.0154583, -0.0654644, -7.67233, -0.00968844, 1.41509, -0.0114185
5.752, -0.0147358, -0.0630549, -7.6729, -0.00857299, 1.41483, -0.0109862
5.772, -0.014113, -0.0606959, -7.6735, -0.00760287, 1.41464, -0.0105641
5.792, -0.013583, -0.0583983, -7.67414, -0.00677624, 1.41451, -0.0101542
5.812, -0.0131396, -0.0561705, -7.67481, -0.00609281, 1.41444, -0.0097578
5.832, -0.0127757, -0.0540177, -7.67548, -0.0055484, 1.41443, -0.00937562
5.852, -0.0124854, -0.0519449, -7.67617, -0.00514232, 1.41446, -0.00900847
5.872, -0.012263, -0.049956, -7.67686, -0.00487061, 1.41454, -0.00865692
5.892, -0.0121031, -0.0480522, -7.67754, -0.00473072, 1.41467, -0.00832107
5.912, -0.0120006, -0.0462343, -7.67821, -0.00471867, 1.41483, -0.00800092
5.932, -0.011951, -0.0445016, -7.67888, -0.00483141, 1.41503, -0.00769627
5.952, -0.0119501, -0.042853, -7.67952, -0.00506428, 1.41527, -0.00740677
5.972, -0.011994, -0.0412862, -7.68015, -0.00541368, 1.41554, -0.00713196
5.992, -0.0120792, -0.0397988, -7.68075, -0.00587513, 1.41585, -0.00687133
6.012, -0.0122025, -0.0383872, -7.68133, -0.0064457, 1.41618, -0.00662423
6.032, -0.0123606, -0.0370479, -7.68189, -0.00711999, 1.41655, -0.00638994
6.052, -0.0125508, -0.0357768, -7.68243, -0.00789483, 1.41694, -0.00616775
6.072, -0.0127703, -0.0345694, -7.68295, -0.00876568, 1.41736, -0.00595679
6.092, -0.0130166, -0.033421, -7.68344, -0.00972865, 1.41782, -0.00575624
6.112, -0.0132872, -0.032327, -7.68391, -0.0107796, 1.4183, -0.00556522
6.132, -0.0135796, -0.0312824, -7.68435, -0.0119147, 1.4188, -0.00538285
6.152, -0.0138913, -0.0302826, -7.68478, -0.0131303, 1.41934, -0.00520829
6.172, -0.0142202, -0.0293226, -7.68519, -0.0144224, 1.4199, -0.00504062
6.192, -0.014564, -0.0283979, -7.68559, -0.0157871, 1.4205, -0.00487903
6.212, -0.0149203, -0.0275042, -7.68597, -0.0172222, 1.42112, -0.00472271
6.232, -0.0152869, -0.0266371, -7.68633, -0.0187233, 1.42177, -0.0045709
6.253, -0.0156615, -0.0257928, -7.68669, -0.0202872, 1.42245, -0.00442285
6.273, -0.0160421, -0.0249679, -7.68703, -0.0219115, 1.42315, -0.00427796
6.293, -0.0164265, -0.0241588, -7.68737, -0.0235933, 1.42389, -0.00413555
6.313, -0.0168126, -0.0233628, -7.6877, -0.0253297, 1.42466, -0.00399512
6.333, -0.0171982, -0.0225773, -7.68802, -0.0271182, 1.42545, -0.00385618
6.353, -0.0175816, -0.0218002, -7.68834, -0.0289566, 1.42628, -0.00371829
6.373, -0.0179608, -0.0210297, -7.68866, -0.0308421, 1.42714, -0.00358113
6.393, -0.018334, -0.0202643, -7.68897, -0.0327736, 1.42802, -0.00344439
6.413, -0.0186996, -0.0195028, -7.68928, -0.0347487, 1.42894, -0.00330783
6.433, -0.019056, -0.0187447, -7.68959, -0.0367656, 1.42989, -0.00317132
6.453, -0.0194019, -0.0179893, -7.6899, -0.0388222, 1.43087, -0.00303467
6.473, -0.019736, -0.0172365, -7.69021, -0.0409174, 1.43189, -0.00289788
6.493, -0.0200571, -0.0164863, -7.69052, -0.0430499, 1.43293, -0.00276091
6.513, -0.0203644, -0.0157389, -7.69083, -0.0452176, 1.43401, -0.00262375
6.533, -0.020657, -0.0149947, -7.69115, -0.0474199, 1.43512, -0.00248646
6.553, -0.0209344, -0.0142543, -7.69146, -0.0496549, 1.43626, -0.00234909
6.573, -0.0211959, -0.0135183, -7.69177, -0.051922, 1.43743, -0.00221176
6.593, -0.0214413, -0.0127874, -7.69208, -0.0542193, 1.43864, -0.00207456
6.613, -0.0216703, -0.0120624, -7.69238, -0.056546, 1.43988, -0.00193763
6.633, -0.021883, -0.0113439, -7.69269, -0.0589011, 1.44116, -0.00180104
6.653, -0.0220793, -0.0106327, -7.69299, -0.0612833, 1.44246, -0.00166493
6.673, -0.0222593, -0.00992927, -7.69329, -0.0636915, 1.44381, -0.00152939
6.693, -0.0224232, -0.00923439, -7.69359, -0.0661239, 1.44518, -0.00139454
6.713, -0.0225713, -0.00854824, -7.69388, -0.0685806, 1.44659, -0.0012604
6.733, -0.0227039, -0.00787143, -7.69417, -0.0710595, 1.44804, -0.0011271
6.754, -0.0228212, -0.00720391, -7.69445, -0.0735596, 1.44952, -0.000994627
6.774, -0.0229235, -0.00654591, -7.69472, -0.0760799, 1.45104, -0.000863037
6.794, -0.0230112, -0.00589732, -7.69499, -0.0786182, 1.45259, -0.00073232
6.814, -0.0230844, -0.00525799, -7.69525, -0.0811744, 1.45417, -0.000602469
6.834, -0.0231432, -0.00462757, -7.6955, -0.0837469, 1.45579, -0.00047344
6.854, -0.0231878, -0.00400568, -7.69575, -0.0863334, 1.45745, -0.000345201
6.874, -0.0232182, -0.00339171, -7.69598, -0.0889337, 1.45914, -0.000217658
6.894, -0.0232342, -0.00278514, -7.69621, -0.0915456, 1.46087, -9.07706e-05
6.914, -0.0232358, -0.00218519, -7.69643, -0.0941681, 1.46263, 3.55749e-05
6.934, -0.0232224, -0.00159122, -7.69663, -0.0968002, 1.46443, 0.000161435
6.954, -0.0231939, -0.00100259, -7.69683, -0.0994394, 1.46626, 0.00028687
6.974, -0.0231496, -0.000418436, -7.69701, -0.102085, 1.46812, 0.000411984
6.994, -0.023089, 0.000162042, -7.69719, -0.104736, 1.47002, 0.000536864
7.014, -0.0230113, 0.000739261, -7.69735, -0.10739, 1.47195, 0.000661502
7.034, -0.0229157, 0.00131398, -7.6975, -0.110046, 1.47392, 0.000785972
7.054, -0.0228016, 0.00188656, -7.69764, -0.112703, 1.47592, 0.000910253
7.074, -0.022668, 0.00245746, -7.69777, -0.11536, 1.47795, 0.00103435
7.094, -0.0225141, 0.0030269, -7.69789, -0.118014, 1.48001, 0.00115821
7.114, -0.022339, 0.00359491, -7.698, -0.120667, 1.4821, 0.00128176
7.134, -0.0221419, 0.00416147, -7.6981, -0.123314, 1.48423, 0.00140489
7.154, -0.0219222, 0.00472629, -7.69819, -0.125957, 1.48638, 0.00152746
7.174, -0.0216789, 0.00528919, -7.69826, -0.128593, 1.48856, 0.00164935
7.194, -0.0214118, 0.00584946, -7.69833, -0.131223, 1.49078, 0.00177034
7.214, -0.0211202, 0.00640625, -7.69838, -0.133844, 1.49302, 0.00189015
7.234, -0.0208038, 0.00695893, -7.69843, -0.136457, 1.49528, 0.00200861
7.255, -0.0204627, 0.00750636, -7.69847, -0.139059, 1.49758, 0.00212542
7.275, -0.0200969, 0.00804735, -7.69849, -0.141651, 1.4999, 0.00224027
7.295, -0.0197067, 0.00858073, -7.69851, -0.144232, 1.50224, 0.00235288
7.315, -0.0192925, 0.00910499, -7.69852, -0.1468, 1.50461, 0.0024629
7.335, -0.0188553, 0.00961884, -7.69852, -0.149357, 1.50701, 0.00257005
7.355, -0.0183959, 0.0101206, -7.69851, -0.1519, 1.50943, 0.00267396
7.375, -0.0179156, 0.0106088, -7.6985, -0.154429, 1.51188, 0.00277432
7.395, -0.0174158, 0.011082, -7.69848, -0.156945, 1.51434, 0.00287086
7.415, -0.0168984, 0.0115386, -7.69845, -0.159446, 1.51684, 0.00296325
7.435, -0.016365, 0.0119772, -7.69841, -0.161931, 1.51935, 0.00305125
7.455, -0.015818, 0.0123965, -7.69837, -0.164401, 1.52189, 0.0031346
7.475, -0.01526, 0.0127953, -7.69833, -0.166855, 1.52445, 0.00321315
7.495, -0.0146934, 0.0131727, -7.69828, -0.169293, 1.52703, 0.00328676
7.515, -0.0141211, 0.0135276, -7.69822, -0.171714, 1.52963, 0.00335527
7.535, -0.0135455, 0.0138591, -7.69816, -0.174118, 1.53226, 0.00341859
7.555, -0.0129695, 0.0141665, -7.6981, -0.176503, 1.53491, 0.00347667
7.575, -0.012396, 0.0144496, -7.69803, -0.178871, 1.53758, 0.00352957
7.595, -0.0118276, 0.0147078, -7.69797, -0.181219, 1.54028, 0.00357724
7.615, -0.0112672, 0.0149411, -7.6979, -0.183549, 1.54299, 0.00361982
7.635, -0.0107176, 0.0151495, -7.69783, -0.185859, 1.54573, 0.00365743
7.655, -0.0101815, 0.0153335, -7.69775, -0.188149, 1.54849, 0.00369027
7.675, -0.00966123, 0.0154936, -7.69768, -0.190418, 1.55127, 0.00371857
7.695, -0.00915928, 0.0156303, -7.69761, -0.192666, 1.55408, 0.00374253
7.715, -0.00867783, 0.0157448, -7.69754, -0.194893, 1.5569, 0.00376251
7.735, -0.00821888, 0.0158379, -7.69747, -0.197097, 1.55975, 0.00377881
7.756, -0.0077842, 0.0159109, -7.6974, -0.199279, 1.56262, 0.00379177
7.776, -0.00737521, 0.0159651, -7.69734, -0.201437, 1.56551, 0.00380176
7.796, -0.00699317, 0.0160022, -7.69727, -0.203571, 1.56842, 0.00380922
7.816, -0.00663902, 0.0160234, -7.69721, -0.205681, 1.57135, 0.00381448
7.836, -0.0063135, 0.0160306, -7.69715, -0.207766, 1.5743, 0.00381796
7.856, -0.0060169, 0.0160257, -7.6971, -0.209825, 1.57727, 0.00382013
7.876, -0.00574939, 0.01601, -7.69704, -0.211858, 1.58026, 0.00382133
7.896, -0.00551072, 0.0159856, -7.69699, -0.213864, 1.58326, 0.00382196
7.916, -0.00530043, 0.0159541, -7.69695, -0.215843, 1.58629, 0.00382242
7.936, -0.00511785, 0.0159171, -7.6969, -0.217795, 1.58933, 0.00382304
7.956, -0.00496197, 0.0158767, -7.69686, -0.219718, 1.59239, 0.0038242
7.976, -0.00483148, 0.0158342, -7.69682, -0.221613, 1.59546, 0.0038262
7.996, -0.00472524, 0.0157911, -7.69679, -0.223478, 1.59855, 0.00382929
8.016, -0.00464153, 0.0157492, -7.69676, -0.225314, 1.60166, 0.00383381
8.036, -0.00457856, 0.0157095, -7.69673, -0.22712, 1.60478, 0.00383989
8.056, -0.00453459, 0.0156734, -7.6967, -0.228897, 1.60791, 0.00384781
8.076, -0.00450758, 0.015642, -7.69667, -0.230642, 1.61105, 0.00385767
8.096, -0.00449565, 0.0156163, -7.69665, -0.232357, 1.6142, 0.00386964
8.116, -0.00449673, 0.0155972, -7.69663, -0.234041, 1.61737, 0.00388381
8.136, -0.00450871, 0.0155853, -7.69661, -0.235693, 1.62055, 0.00390023
8.156, -0.00452964, 0.0155815, -7.69659, -0.237314, 1.62373, 0.00391897
8.176, -0.0045576, 0.015586, -7.69658, -0.238904, 1.62692, 0.00394003
8.196, -0.00459059, 0.0155992, -7.69656, -0.240461, 1.63013, 0.00396338
8.216, -0.00462686, 0.0156215, -7.69655, -0.241987, 1.63333, 0.00398902
8.236, -0.00466468, 0.0156527, -7.69654, -0.243482, 1.63655, 0.00401684
8.257, -0.00470259, 0.0156933, -7.69652, -0.244943, 1.63977, 0.00404684
8.277, -0.00473919, 0.015743, -7.69651, -0.246373, 1.643, 0.00407893
8.297, -0.00477315, 0.0158016, -7.6965, -0.247771, 1.64623, 0.00411296
8.317, -0.00480347, 0.0158688, -7.69649, -0.249137, 1.64947, 0.00414885
8.337, -0.00482929, 0.0159447, -7.69648, -0.250471, 1.65272, 0.00418655
8.357, -0.00484978, 0.0160287, -7.69646, -0.251773, 1.65597, 0.0042259
8.377, -0.00486443, 0.0161205, -7.69645, -0.253042, 1.65922, 0.00426681
8.397, -0.00487286, 0.0162196, -7.69644, -0.25428, 1.66248, 0.00430915
8.417, -0.0048749, 0.0163259, -7.69643, -0.255485, 1.66574, 0.00435288
8.437, -0.0048704, 0.0164386, -7.69642, -0.256658, 1.669, 0.00439785
8.457, -0.00485946, 0.0165576, -7.6964, -0.257799, 1.67227, 0.00444403
8.477, -0.00484222, 0.0166824, -7.69639, -0.258907, 1.67555, 0.00449131
8.497, -0.00481894, 0.0168125, -7.69637, -0.259983, 1.67882, 0.00453961
8.517, -0.00479006, 0.0169476, -7.69636, -0.261027, 1.6821, 0.00458891
8.537, -0.00475599, 0.0170875, -7.69634, -0.262039, 1.68539, 0.00463918
8.557, -0.00471715, 0.0172317, -7.69632, -0.263018, 1.68868, 0.00469032
8.577, -0.00467409, 0.0173798, -7.6963, -0.263964, 1.69197, 0.00474231
8.597, -0.00462733, 0.0175318, -7.69628, -0.264878, 1.69527, 0.00479519
8.617, -0.00457732, 0.0176874, -7.69626, -0.265759, 1.69857, 0.00484889
8.637, -0.00452447, 0.0178462, -7.69624, -0.266606, 1.70187, 0.00490338
8.657, -0.0044694, 0.0180081, -7.69621, -0.267421, 1.70518, 0.00495866
8.677, -0.00441232, 0.0181729, -7.69618, -0.268202, 1.70849, 0.0050147
8.697, -0.00435347, 0.0183406, -7.69615, -0.268949, 1.7118, 0.00507153
8.717, -0.00429309, 0.0185107, -7.69612, -0.269663, 1.71512, 0.00512906
8.737, -0.00423127, 0.0186831, -7.69608, -0.270343, 1.71844, 0.00518725
8.758, -0.00416796, 0.0188577, -7.69604, -0.270989, 1.72176, 0.0052461
8.778, -0.00410309, 0.0190342, -7.69599, -0.2716, 1.72509, 0.00530551
8.798, -0.00403634, 0.0192125, -7.69594, -0.272176, 1.72842, 0.00536543
8.818, -0.00396733, 0.0193923, -7.69589, -0.272718, 1.73175, 0.00542578
8.838, -0.00389585, 0.0195732, -7.69583, -0.273224, 1.73508, 0.00548643
8.858, -0.00382116, 0.0197551, -7.69577, -0.273695, 1.73841, 0.0055473
8.878, -0.00374259, 0.0199375, -7.6957, -0.274132, 1.74174, 0.00560824
8.898, -0.00365965, 0.0201202, -7.69562, -0.274532, 1.74507, 0.00566912
8.918, -0.00357127, 0.0203025, -7.69554, -0.274896, 1.7484, 0.00572973
8.938, -0.00347687, 0.0204841, -7.69545, -0.275224, 1.75173, 0.00578991
8.958, -0.00337544, 0.0206643, -7.69535, -0.275517, 1.75505, 0.00584944
8.978, -0.00326624, 0.0208427, -7.69525, -0.275773, 1.75838, 0.00590815
8.998, -0.00314849, 0.0210186, -7.69513, -0.275992, 1.7617, 0.00596577
9.018, -0.00302111, 0.0211915, -7.69502, -0.276175, 1.76502, 0.0060221
9.038, -0.00288353, 0.0213605, -7.69489, -0.276321, 1.76833, 0.00607688
9.058, -0.0027349, 0.0215252, -7.69475, -0.27643, 1.77164, 0.00612991
9.078, -0.00257464, 0.0216846, -7.69461, -0.276503, 1.77494, 0.00618088
9.098, -0.002402, 0.0218382, -7.69446, -0.276539, 1.77824, 0.00622958
9.118, -0.00221681, 0.0219851, -7.6943, -0.276538, 1.78153, 0.0062758
9.138, -0.00201857, 0.0221247, -7.69414, -0.2765, 1.78482, 0.00631924
9.158, -0.00180719, 0.0222561, -7.69397, -0.276425, 1.78809, 0.00635973
9.178, -0.00158249, 0.0223786, -7.69379, -0.276313, 1.79136, 0.006397
9.198, -0.00134462, 0.0224918, -7.69361, -0.276164, 1.79462, 0.00643093
9.218, -0.00109385, 0.0225948, -7.69342, -0.275978, 1.79787, 0.0064613
9.238, -0.000830593, 0.0226871, -7.69322, -0.275757, 1.80112, 0.006488
9.259, -0.000555301, 0.0227681, -7.69302, -0.275497, 1.80435, 0.00651084
9.279, -0.000268798, 0.0228374, -7.69282, -0.275202, 1.80758, 0.00652974
9.299, 2.81928e-05, 0.0228946, -7.69261, -0.27487, 1.8108, 0.00654466
9.319, 0.000334663, 0.0229391, -7.6924, -0.274501, 1.81401, 0.00655548
9.339, 0.000649442, 0.0229709, -7.69219, -0.274096, 1.81721, 0.00656219
9.359, 0.000971472, 0.0229895, -7.69198, -0.273655, 1.8204, 0.00656478
9.379, 0.00129935, 0.022995, -7.69177, -0.273178, 1.82358, 0.00656328
9.399, 0.00163169, 0.0229872, -7.69156, -0.272665, 1.82675, 0.00655774
9.419, 0.00196731, 0.0229658, -7.69135, -0.272115, 1.82991, 0.00654815
9.439, 0.0023045, 0.0229316, -7.69114, -0.27153, 1.83307, 0.00653475
9.459, 0.00264204, 0.0228839, -7.69094, -0.27091, 1.83621, 0.00651746
9.479, 0.0029782, 0.0228233, -7.69074, -0.270253, 1.83935, 0.00649653
9.499, 0.0033119, 0.0227501, -7.69054, -0.269562, 1.84247, 0.00647207
9.519, 0.00364152, 0.0226641, -7.69035, -0.268835, 1.84559, 0.00644411
9.539, 0.0039658, 0.022566, -7.69017, -0.268073, 1.8487, 0.0064129
9.559, 0.00428361, 0.0224564, -7.68999, -0.267276, 1.85179, 0.00637867
9.579, 0.00459394, 0.0223357, -7.68982, -0.266443, 1.85488, 0.00634153
9.599, 0.00489566, 0.0222043, -7.68966, -0.265577, 1.85796, 0.00630171
9.619, 0.00518812, 0.0220624, -7.68951, -0.264675, 1.86103, 0.00625925
9.639, 0.00547041, 0.0219106, -7.68936, -0.263739, 1.86409, 0.00621434
9.659, 0.00574206, 0.0217491, -7.68922, -0.262769, 1.86715, 0.00616705
9.679, 0.00600278, 0.0215782, -7.68909, -0.261766, 1.87019, 0.0061175
9.699, 0.00625222, 0.0213984, -7.68897, -0.260728, 1.87322, 0.00606579
9.719, 0.00649037, 0.0212097, -7.68886, -0.259657, 1.87623, 0.0060119
9.739, 0.00671728, 0.0210124, -7.68876, -0.258553, 1.87924, 0.00595591
9.76, 0.00693334, 0.0208064, -7.68866, -0.257416, 1.88224, 0.00589773
9.78, 0.00713881, 0.0205923, -7.68857, -0.256246, 1.88522, 0.00583751
9.8, 0.00733435, 0.0203697, -7.68849, -0.255044, 1.88819, 0.00577507
9.82, 0.00752062, 0.0201386, -7.68841, -0.253811, 1.89114, 0.00571037
9.84, 0.00769836, 0.0198992, -7.68834, -0.252545, 1.89408, 0.00564335
9.86, 0.00786865, 0.0196512, -7.68828, -0.251249, 1.897, 0.00557392
9.88, 0.0080322, 0.0193945, -7.68822, -0.249923, 1.89991, 0.00550192
9.9, 0.00819029, 0.0191289, -7.68816, -0.248566, 1.9028, 0.00542723
9.92, 0.00834384, 0.0188542, -7.6881, -0.247179, 1.90567, 0.0053497
9.94, 0.00849405, 0.0185702, -7.68805, -0.245764, 1.90853, 0.00526922
9.96, 0.00864204, 0.0182763, -7.688, -0.244319, 1.91136, 0.00518555
9.98, 0.00878899, 0.0179727, -7.68794, -0.242847, 1.91418, 0.0050986
10, 0.00893572, 0.017659, -7.68789, -0.241347, 1.91697, 0.00500824
