0, -9.96707e-16, -2.7124e-16, -7.69343, -0.246647, 1.92113, -3.69378e-17
0.02, -5.24014e-16, 1.01552e-16, -7.69343, -0.24503, 1.92396, 6.49627e-17
0.04, 7.33052e-17, 5.14307e-16, -7.69343, -0.243385, 1.92677, 1.5644e-16
0.06, 3.72993e-16, 3.14994e-16, -7.69343, -0.241712, 1.92956, 9.26859e-17
0.08, 2.89559e-16, 3.93263e-16, -7.69343, -0.240011, 1.93232, 1.1357e-16
0.1, 2.73127e-16, 5.09806e-17, -7.69343, -0.238282, 1.93506, 3.42003e-18
0.12, 5.91228e-16, 4.24615e-16, -7.69343, -0.236527, 1.93778, 1.18338e-16
0.14, 8.16197e-16, 1.90047e-16, -7.69343, -0.234747, 1.94048, 3.20143e-17
0.16, 1.1196e-15, 4.72275e-16, -7.69343, -0.232941, 1.94316, 8.88327e-17
0.18, -1.36242e-17, 4.68103e-17, -7.69343, -0.23111, 1.94581, 1.7945e-17
0.2, -4.86307e-16, -1.80548e-16, -7.69343, -0.229256, 1.94844, -3.63296e-17
0.22, -8.70963e-17, -9.4362e-17, -7.69343, -0.227379, 1.95104, -2.16485e-17
0.24, 4.28211e-16, 1.64752e-16, -7.69343, -0.22548, 1.95362, 3.10901e-17
0.261, 3.97326e-16, 1.50832e-16, -7.69343, -0.223559, 1.95618, 2.82493e-17
0.281, -2.34324e-16, -1.4939e-17, -7.69343, -0.221617, 1.95871, 6.71687e-18
0.301, -5.43726e-16, -3.80419e-16, -7.69343, -0.219656, 1.96122, -9.55348e-17
0.321, 9.28881e-17, -2.31686e-16, -7.69343, -0.217675, 1.9637, -8.81379e-17
0.341, 4.44046e-16, 8.73534e-17, -7.69343, -0.215675, 1.96616, 9.77992e-18
0.361, -4.71394e-16, -3.83146e-16, -7.69343, -0.213659, 1.96859, -9.94936e-17
0.381, 4.35482e-17, -1.58104e-16, -7.69343, -0.211624, 1.971, -5.04229e-17
0.401, -3.59487e-16, -1.62259e-16, -7.69343, -0.209575, 1.97337, -3.493e-17
0.421, 4.32127e-16, -8.06401e-17, -7.69343, -0.20751, 1.97573, -4.16633e-17
0.441, 4.73526e-16, 1.6331e-16, -7.69343, -0.205431, 1.97805, 2.3245e-17
0.461, -5.30382e-16, -1.96251e-16, -7.69343, -0.203338, 1.98035, -4.76076e-17
0.481, 3.57034e-16, 1.35372e-18, -7.69343, -0.201233, 1.98262, -1.8737e-17
0.501, -3.31149e-16, -1.35811e-16, -7.69343, -0.199116, 1.98487, -3.49109e-17
0.521, 4.4541e-17, -1.03087e-16, -7.69343, -0.196988, 1.98708, -4.4762e-17
0.541, -1.23358e-16, -2.47377e-16, -7.69343, -0.19485, 1.98927, -7.48121e-17
0.561, -2.55418e-18, 8.30812e-18, -7.69343, -0.192702, 1.99143, 3.17223e-18
0.581, 1.36882e-16, -2.90388e-17, -7.69343, -0.190546, 1.99356, -1.4378e-17
0.601, 2.10745e-16, 1.24629e-16, -7.69343, -0.188382, 1.99566, 3.74095e-17
0.621, 2.2975e-16, -2.94585e-17, -7.69343, -0.186212, 1.99773, -2.27966e-17
0.641, 2.45913e-16, -8.74417e-17, -7.69343, -0.184036, 1.99978, -4.36972e-17
0.661, -3.06729e-16, -1.01035e-16, -7.69343, -0.181854, 2.00179, -2.3431e-17
0.681, 1.48502e-16, 5.04054e-17, -7.69343, -0.179668, 2.00378, 1.18318e-17
0.701, 1.75928e-16, -1.2355e-17, -7.69343, -0.177479, 2.00573, -9.3903e-18
0.721, -9.71286e-18, -1.33632e-17, -7.69343, -0.175286, 2.00766, -1.51024e-18
0.741, 1.93964e-16, 1.47944e-16, -7.69343, -0.173092, 2.00955, 3.99264e-17
0.762, -2.50393e-17, -1.11724e-16, -7.69343, -0.170896, 2.01142, -3.48646e-17
0.782, -4.24536e-16, -5.97371e-17, -7.69343, -0.1687, 2.01326, -3.43427e-18
0.802, 2.24621e-16, 8.9176e-17, -7.69343, -0.166504, 2.01507, 1.88992e-17
0.822, -3.60263e-16, -5.50386e-17, -7.69343, -0.164309, 2.01685, -2.24702e-18
0.842, 1.49608e-16, 4.63448e-17, -7.69343, -0.162116, 2.01859, 9.03044e-18
0.862, 1.86814e-16, 5.54168e-17, -7.69343, -0.159925, 2.02032, 1.59432e-17
0.882, -7.06108e-16, -2.14049e-16, -7.69343, -0.157739, 2.02201, -5.20064e-17
0.902, -3.83522e-16, -1.19114e-16, -7.69343, -0.155556, 2.02367, -2.61954e-17
0.922, -2.94328e-16, -4.65037e-17, -7.69343, -0.153378, 2.0253, -3.5953e-18
0.942, 2.68361e-16, 5.76519e-17, -7.69343, -0.151206, 2.02691, 1.37401e-17
0.962, -4.61062e-16, -1.64094e-16, -7.69343, -0.14904, 2.02848, -4.13154e-17
0.982, 5.65151e-16, 6.67827e-17, -7.69343, -0.146881, 2.03003, 6.71758e-18
1.002, -4.72834e-16, -6.57484e-17, -7.69343, -0.144731, 2.03155, -1.09938e-17
1.022, -2.50458e-16, -5.65632e-17, -7.69343, -0.142589, 2.03304, -1.18405e-17
1.042, -4.27855e-16, -6.80998e-17, -7.69343, -0.140457, 2.03451, -1.05319e-17
1.062, -4.24565e-16, -7.09756e-17, -7.69343, -0.138335, 2.03594, -1.19689e-17
1.082, -2.72901e-16, -8.66038e-17, -7.69343, -0.136224, 2.03735, -2.0847e-17
1.102, 3.37961e-16, 6.02673e-17, -7.69343, -0.134125, 2.03873, 1.08041e-17
1.122, -3.85581e-16, -7.29212e-17, -7.69343, -0.13204, 2.04009, -1.5108e-17
1.142, 6.0118e-16, 9.09163e-17, -7.69343, -0.129967, 2.04142, 1.51737e-17
1.162, 6.52491e-17, -3.70388e-17, -7.69343, -0.127909, 2.04272, -1.37943e-17
1.182, -1.27654e-16, -1.83235e-17, -7.69343, -0.125867, 2.04399, -3.89798e-18
1.202, 7.81121e-17, 2.82382e-18, -7.69343, -0.123841, 2.04524, -1.78078e-18
1.222, 4.08472e-16, 6.06228e-17, -7.69343, -0.121831, 2.04646, 1.08331e-17
1.242, -1.40073e-16, -2.35367e-17, -7.69343, -0.119839, 2.04766, -4.45159e-18
1.263, 3.80276e-16, 5.08403e-17, -7.69343, -0.117866, 2.04883, 1.09134e-17
1.283, 5.11391e-16, 7.68726e-17, -7.69343, -0.115912, 2.04998, 1.49093e-17
1.303, -1.41646e-16, -2.10035e-17, -7.69343, -0.113979, 2.0511, -3.28817e-18
1.323, -5.96952e-16, -8.21076e-17, -7.69343, -0.112066, 2.05219, -1.60025e-17
1.343, 7.86892e-17, 9.72237e-18, -7.69343, -0.110176, 2.05327, 1.14635e-18
1.363, 5.02696e-16, 7.33683e-17, -7.69343, -0.108308, 2.05431, 1.38107e-17
1.383, 4.32071e-16, 8.46145e-17, -7.69343, -0.106463, 2.05533, 2.19512e-17
1.403, -5.63808e-18, 1.31183e-18, -7.69343, -0.104644, 2.05633, -3.73225e-19
1.423, -1.75664e-16, -4.2973e-17, -7.69343, -0.102849, 2.05731, -1.18875e-17
1.443, 5.02954e-16, 8.03754e-17, -7.69343, -0.10108, 2.05826, 1.84101e-17
1.463, 1.72019e-16, 2.73063e-17, -7.69343, -0.0993387, 2.05919, 6.67958e-18
1.483, 7.80608e-17, 7.04384e-18, -7.69343, -0.0976247, 2.06009, -6.95284e-19
1.503, 3.99214e-16, 3.12537e-17, -7.69343, -0.095939, 2.06097, 3.88047e-18
1.523, 2.21631e-16, -9.95469e-18, -7.69343, -0.0942817, 2.06183, -7.15433e-18
1.543, -2.73344e-16, -1.50267e-17, -7.69343, -0.092655, 2.06266, -1.06831e-18
1.563, -1.09423e-16, -1.46841e-17, -7.69343, -0.0910586, 2.06348, -3.86801e-18
1.583, 2.65474e-16, 7.15313e-17, -7.69343, -0.0894939, 2.06427, 2.06496e-17
1.603, -9.49019e-17, 1.65238e-17, -7.69343, -0.0879607, 2.06504, 5.54411e-18
1.623, -3.37104e-16, -4.42406e-17, -7.69343, -0.0864611, 2.06579, -1.2957e-17
1.643, -1.60869e-16, 3.04777e-17, -7.69343, -0.0849947, 2.06651, 1.65118e-17
1.663, -2.13794e-16, -2.27537e-17, -7.69343, -0.0835624, 2.06722, -5.11613e-18
1.683, 3.10631e-17, 1.41419e-18, -7.69343, -0.0821657, 2.0679, 1.44883e-18
1.703, -1.45274e-16, 1.69441e-18, -7.69343, -0.0808049, 2.06857, 2.61266e-18
1.723, -7.19675e-16, -1.33111e-16, -7.69343, -0.0794801, 2.06921, -3.67981e-17
1.743, -7.01484e-17, -2.29664e-17, -7.69343, -0.0781936, 2.06983, -6.37837e-18
1.764, -6.39933e-17, 5.54688e-17, -7.69343, -0.0769449, 2.07044, 1.90942e-17
1.784, 4.40911e-16, 8.55365e-17, -7.69343, -0.0757348, 2.07102, 2.269e-17
1.804, -5.91106e-17, -4.86235e-17, -7.69343, -0.0745649, 2.07158, -1.80716e-17
1.824, -3.08572e-16, -3.45051e-17, -7.69343, -0.0734359, 2.07213, -8.87205e-18
1.844, -5.31828e-16, -4.36837e-17, -7.69343, -0.0723487, 2.07265, -9.69145e-18
1.864, -4.81135e-17, -6.12477e-17, -7.69343, -0.0713035, 2.07315, -2.03895e-17
1.884, -6.02597e-17, -2.63492e-17, -7.69343, -0.0703018, 2.07364, -9.49803e-18
1.904, 2.69562e-16, -3.79465e-17, -7.69343, -0.0693443, 2.0741, -1.7726e-17
1.924, -2.6206e-16, -7.2297e-18, -7.69343, -0.0684319, 2.07455, -9.70038e-19
1.944, 1.05601e-16, -8.95778e-17, -7.69343, -0.0675659, 2.07498, -3.33818e-17
1.964, -2.85847e-16, -5.37278e-17, -7.69343, -0.0667473, 2.07538, -1.36638e-17
1.984, 5.88026e-17, 5.97261e-17, -7.69343, -0.0659774, 2.07577, 1.97523e-17
2.004, -6.87802e-16, -1.3324e-16, -7.69343, -0.0652563, 2.07613, -4.0359e-17
2.024, 2.03182e-16, 1.73427e-18, -7.69343, -0.0645868, 2.07648, 9.62082e-19
2.044, 2.53375e-16, 8.12276e-17, -7.69343, -0.0639683, 2.07681, 2.77516e-17
2.064, -3.27335e-16, 2.86432e-17, -7.69343, -0.0634029, 2.07711, 1.38059e-17
2.084, -1.39128e-16, 6.40668e-17, -7.69343, -0.0628913, 2.07739, 2.24453e-17
2.104, 1.26492e-16, -6.43851e-17, -7.69343, -0.0624349, 2.07765, -2.59834e-17
2.124, 1.85012e-17, -7.88214e-17, -7.69343, -0.0620351, 2.07789, -2.50633e-17
2.144, 6.47838e-17, 3.83576e-17, -7.69343, -0.0616933, 2.07811, 1.55614e-17
2.164, -2.05248e-16, -2.94785e-17, -7.69343, -0.0614101, 2.0783, -1.13512e-17
2.184, 1.21712e-16, 5.43551e-17, -7.69343, -0.0611868, 2.07847, 2.03968e-17
2.204, 5.6766e-16, 2.69204e-17, -7.69343, -0.0610249, 2.07862, 4.67249e-18
2.224, 4.99822e-16, 9.38429e-17, -7.69343, -0.0609256, 2.07874, 3.27393e-17
2.244, -2.38332e-16, -8.87364e-17, -7.69343, -0.0608896, 2.07883, -2.84094e-17
2.265, -2.62111e-16, -2.03316e-17, -7.69343, -0.0609182, 2.0789, -6.13087e-18
2.285, -3.69314e-16, -1.24713e-17, -7.69343, -0.0610132, 2.07893, -8.66758e-20
2.305, -4.13139e-17, -6.98157e-17, -7.69343, -0.0611747, 2.07895, -2.65556e-17
2.325, 1.03457e-16, -6.07151e-17, -7.69343, -0.0614046, 2.07893, -2.02557e-17
2.345, 4.4142e-16, 1.03162e-16, -7.69343, -0.0617034, 2.07888, 3.63278e-17
2.365, 2.81667e-16, -4.68291e-18, -7.69343, -0.0620723, 2.0788, -3.8707e-18
2.385, -3.23792e-16, 6.47105e-17, -7.69343, -0.0625117, 2.07868, 2.36725e-17
2.405, 2.91465e-16, 4.75049e-17, -7.69343, -0.0630224, 2.07854, 1.54079e-17
2.425, 1.04009e-16, 1.13434e-17, -7.69343, -0.063606, 2.07836, 4.53785e-18
2.445, 2.88096e-17, 1.01087e-17, -7.69343, -0.0642623, 2.07814, 3.77222e-18
2.465, -7.31956e-17, 7.83396e-17, -7.69343, -0.0649917, 2.07789, 2.7979e-17
2.485, 2.03133e-16, 1.36495e-17, -7.69343, -0.0657953, 2.07759, 2.88255e-18
2.505, 1.00751e-16, -1.87578e-17, -7.69343, -0.0666742, 2.07727, -7.58937e-18
2.525, -2.09109e-16, -1.0277e-16, -7.69343, -0.0676273, 2.0769, -3.2551e-17
2.545, 9.78597e-18, -4.63925e-17, -7.69343, -0.0686549, 2.07649, -1.88392e-17
2.565, -2.22815e-16, -2.24873e-17, -7.69343, -0.0697587, 2.07603, -4.13178e-18
2.585, 1.03833e-16, -6.54947e-17, -7.69343, -0.0709369, 2.07554, -2.91395e-17
2.605, 9.62695e-17, -1.00357e-16, -7.69343, -0.072191, 2.07499, -4.06485e-17
2.625, -4.98736e-16, 4.63338e-18, -7.69343, -0.07352, 2.07441, 6.59678e-18
2.645, -5.92206e-16, -2.69916e-17, -7.69343, -0.0749238, 2.07377, -3.76946e-18
2.665, 2.79395e-16, -9.51902e-17, -7.69343, -0.0764026, 2.07309, -3.66331e-17
2.685, -4.56227e-16, -1.01913e-16, -7.69343, -0.0779559, 2.07236, -2.73848e-17
2.705, 9.80494e-18, -1.15405e-16, -7.69343, -0.0795822, 2.07158, -4.11414e-17
2.725, 2.33381e-17, 4.0526e-17, -7.69343, -0.081283, 2.07074, 1.12214e-17
2.745, 2.27904e-16, -6.41582e-18, -7.69343, -0.0830554, 2.06985, -6.54735e-18
2.766, -5.6033e-17, 9.37058e-17, -7.69343, -0.0849008, 2.06891, 3.00235e-17
2.786, 2.53982e-16, 1.58618e-17, -7.69343, -0.0868175, 2.06791, 2.46463e-18
2.806, 3.54144e-16, 1.74191e-17, -7.69343, -0.0888048, 2.06685, 2.07618e-18
2.826, -9.79386e-17, -6.83686e-17, -7.69343, -0.0908611, 2.06574, -2.00255e-17
2.846, 3.97585e-16, -9.46179e-17, -7.69343, -0.0929868, 2.06456, -4.07087e-17
2.866, -4.61182e-16, -2.19758e-16, -7.69343, -0.0951801, 2.06333, -7.02607e-17
2.886, 1.57278e-16, -4.52926e-17, -7.69343, -0.0974406, 2.06203, -2.0637e-17
2.906, -4.08088e-18, -6.7753e-17, -7.69343, -0.0997659, 2.06066, -2.77019e-17
2.926, -3.71088e-17, 1.2704e-16, -7.69343, -0.102156, 2.05923, 4.10182e-17
2.946, 3.09716e-16, 8.80849e-17, -7.69343, -0.10461, 2.05774, 2.04818e-17
2.966, -4.63096e-16, -2.31254e-16, -7.69343, -0.107125, 2.05617, -7.0195e-17
2.986, -7.43489e-17, -1.34318e-16, -7.69343, -0.109701, 2.05454, -4.23071e-17
3.006, 4.13541e-16, 4.19683e-17, -7.69343, -0.112336, 2.05283, 3.74564e-18
3.026, 1.03737e-15, 1.70385e-16, -7.69343, -0.115029, 2.05105, 3.43292e-17
3.046, -3.39692e-16, -9.9725e-17, -7.69343, -0.117779, 2.04919, -3.01252e-17
3.066, -3.18385e-17, -9.2697e-17, -7.69343, -0.120582, 2.04725, -3.25802e-17
3.086, 1.97739e-17, -2.00206e-16, -7.69343, -0.123438, 2.04524, -6.75686e-17
3.106, -1.78297e-16, -1.20134e-16, -7.69343, -0.126347, 2.04315, -3.50256e-17
3.126, 9.1968e-18, -2.40197e-17, -7.69343, -0.129303, 2.04097, -7.3509e-18
3.146, -1.17484e-16, -4.85385e-17, -7.69343, -0.132309, 2.03871, -1.57234e-17
3.166, -4.76889e-16, -9.80701e-17, -7.69343, -0.135358, 2.03636, -2.21607e-17
3.186, -8.14314e-17, -1.1251e-16, -7.69343, -0.138452, 2.03393, -3.5916e-17
3.206, 8.41803e-16, 5.5138e-18, -7.69343, -0.141587, 2.0314, -2.28442e-17
3.226, -2.93821e-17, -1.76187e-16, -7.69343, -0.144761, 2.02879, -6.1004e-17
3.246, 3.67004e-16, -3.71483e-17, -7.69343, -0.147971, 2.02608, -2.16774e-17
3.267, -2.81702e-17, 6.62343e-17, -7.69343, -0.151215, 2.02328, 2.36489e-17
3.287, 5.26754e-16, 8.18787e-17, -7.69343, -0.154491, 2.02037, 1.18869e-17
3.307, -2.21647e-16, -1.62567e-16, -7.69343, -0.157796, 2.01737, -4.2965e-17
3.327, 4.65893e-16, 2.29218e-16, -7.69343, -0.161126, 2.01427, 5.81852e-17
3.347, 3.75955e-17, -1.9835e-17, -7.69343, -0.16448, 2.01107, -9.01269e-18
3.367, 1.79251e-16, -7.99164e-17, -7.69343, -0.167853, 2.00776, -3.15468e-17
3.387, -3.63097e-16, -1.16518e-16, -7.69343, -0.171243, 2.00435, -2.62555e-17
3.407, -4.40925e-16, -8.91041e-17, -7.69343, -0.174646, 2.00083, -1.56953e-17
3.427, -2.59849e-16, -1.15288e-16, -7.69343, -0.17806, 1.9972, -2.77396e-17
3.447, -2.18957e-16, -2.04815e-17, -7.69343, -0.18148, 1.99346, 5.87041e-18
3.467, -4.17998e-16, -1.01209e-16, -7.69343, -0.184902, 1.98961, -1.68529e-17
3.487, 4.68343e-16, 1.79453e-16, -7.69343, -0.188323, 1.98565, 3.96982e-17
3.507, -3.45548e-16, -1.93952e-16, -7.69343, -0.191739, 1.98158, -5.20461e-17
3.527, -8.55465e-16, -2.76821e-16, -7.69343, -0.195147, 1.97739, -5.50464e-17
3.547, 9.58336e-16, 2.9347e-16, -7.69343, -0.198541, 1.97309, 5.84077e-17
3.567, -1.15931e-18, -8.52956e-17, -7.69343, -0.201918, 1.96867, -3.11032e-17
3.587, -9.23631e-17, -1.51878e-17, -7.69343, -0.205274, 1.96413, -4.90286e-18
3.607, 7.15936e-16, 2.47722e-16, -7.69343, -0.208602, 1.95948, 4.70484e-17
3.627, 2.27757e-16, 1.50753e-16, -7.69343, -0.211902, 1.95471, 3.62034e-17
3.647, 1.49563e-16, 5.56154e-17, -7.69343, -0.215166, 1.94982, 6.26792e-18
3.667, 3.81141e-16, 1.24249e-16, -7.69343, -0.21839, 1.94481, 1.80844e-17
3.687, 3.2808e-16, 1.82451e-16, -7.69343, -0.221571, 1.93969, 4.2622e-17
3.707, -2.48541e-16, -1.51414e-16, -7.69343, -0.224702, 1.93444, -3.6569e-17
3.727, 7.78362e-17, 8.61078e-18, -7.69343, -0.227779, 1.92908, -5.4457e-18
3.747, -2.01868e-16, -1.6514e-16, -7.69343, -0.230799, 1.9236, -4.51645e-17
3.768, -2.43959e-16, 7.67516e-18, -7.69343, -0.233754, 1.918, 1.36876e-17
3.788, -6.49926e-16, -1.37442e-16, -7.69343, -0.23664, 1.91228, -1.14025e-17
3.808, -8.33994e-16, -4.08461e-16, -7.69343, -0.239454, 1.90644, -8.34635e-17
3.828, 5.49613e-16, 2.02576e-16, -7.69343, -0.242188, 1.90048, 3.24005e-17
3.848, -1.6064e-16, -9.58925e-17, -7.69343, -0.244838, 1.89441, -1.99103e-17
3.868, -3.53764e-16, -2.60481e-16, -7.69343, -0.247399, 1.88822, -5.94135e-17
3.888, -7.36758e-16, -3.79889e-16, -7.69343, -0.249866, 1.88191, -7.99451e-17
3.908, -8.8768e-17, -2.06444e-16, -7.69343, -0.252232, 1.87549, -5.7772e-17
3.928, -2.20512e-16, -1.9172e-16, -7.69343, -0.254494, 1.86895, -4.66691e-17
3.948, -1.59346e-16, -2.14448e-16, -7.69343, -0.256644, 1.8623, -5.03813e-17
3.968, 3.2286e-16, 1.27853e-16, -7.69343, -0.258678, 1.85554, 2.71558e-17
3.988, 6.63056e-16, 2.53079e-16, -7.69343, -0.260589, 1.84866, 3.92814e-17
4.008, 8.64079e-16, 4.13421e-16, -7.69343, -0.262373, 1.84167, 7.41004e-17
4.028, -3.10995e-17, -9.34931e-17, -7.69343, -0.264022, 1.83457, -2.89697e-17
4.048, -1.97053e-16, 2.24056e-17, -7.69343, -0.265532, 1.82736, 2.3206e-17
4.068, -5.53958e-17, -5.18114e-17, -7.69343, -0.266896, 1.82004, -4.83085e-18
4.088, -4.05027e-17, 7.2176e-17, -7.69343, -0.268107, 1.81262, 2.33483e-17
4.108, -3.73668e-16, -4.16025e-16, -7.69343, -0.269161, 1.80509, -9.78861e-17
4.128, 6.90801e-16, 4.20408e-16, -7.69343, -0.27005, 1.79747, 8.09071e-17
4.148, -1.72207e-16, -6.66943e-17, -7.69343, -0.270768, 1.78975, -1.94135e-17
4.168, -4.31955e-16, -1.84262e-16, -7.69343, -0.27131, 1.78193, -4.43477e-17
4.188, -1.85273e-16, -6.94883e-17, -7.69343, -0.271668, 1.77402, -1.38307e-17
4.208, 7.49602e-16, 5.00846e-16, -7.69343, -0.271838, 1.76602, 1.06722e-16
4.228, -2.81405e-16, -2.55462e-16, -7.69343, -0.271812, 1.75794, -5.74666e-17
4.248, 2.88124e-16, 2.6837e-16, -7.69343, -0.271584, 1.74979, 5.37431e-17
4.269, -4.29343e-16, -4.03236e-16, -7.69343, -0.27115, 1.74155, -8.33059e-17
4.289, -1.85312e-16, -4.48772e-16, -7.69343, -0.270503, 1.73326, -1.11373e-16
4.309, 9.85352e-17, -7.38941e-17, -7.69343, -0.269638, 1.7249, -3.05901e-17
4.329, -5.24656e-16, -6.06614e-16, -7.69343, -0.26855, 1.71648, -1.35849e-16
4.349, 6.25511e-16, 2.52743e-16, -7.69343, -0.267235, 1.70802, 3.00753e-17
4.369, -7.12249e-16, -6.82466e-16, -7.69343, -0.265687, 1.69953, -1.54969e-16
4.389, 8.34858e-17, 4.73933e-18, -7.69343, -0.263905, 1.691, -1.72844e-17
4.409, -1.69244e-16, -2.85989e-16, -7.69343, -0.261883, 1.68245, -6.66768e-17
4.429, -6.86533e-16, -5.89836e-16, -7.69343, -0.259621, 1.67389, -1.2843e-16
4.449, -6.99172e-16, -6.57783e-16, -7.69343, -0.257115, 1.66533, -1.29297e-16
4.469, -1.40204e-16, -1.16855e-16, -7.69343, -0.254365, 1.65678, -2.75031e-17
4.489, -3.28794e-16, -3.67516e-16, -7.69343, -0.251372, 1.64825, -6.93267e-17
4.509, -1.35142e-17, -1.43194e-16, -7.69343, -0.248135, 1.63976, -1.85022e-17
4.529, -1.48855e-16, -1.32122e-16, -7.69343, -0.244655, 1.63131, -4.45885e-17
4.549, 6.54673e-16, 5.34011e-16, -7.69343, -0.240936, 1.62291, 9.36089e-17
4.569, -2.37161e-16, -4.77816e-16, -7.69343, -0.236981, 1.61459, -9.75929e-17
4.589, 2.74432e-16, -1.47964e-16, -7.69343, -0.232795, 1.60634, -5.73184e-17
4.609, -5.03529e-16, -4.99284e-16, -7.69343, -0.228383, 1.5982, -1.08215e-16
4.629, 1.62416e-16, 1.46185e-17, -7.69343, -0.223752, 1.59015, 2.18113e-18
4.649, -3.48309e-16, -9.87651e-17, -7.69343, -0.21891, 1.58223, 5.71868e-19
4.669, -4.20374e-16, -3.00221e-16, -7.69343, -0.213865, 1.57443, -4.86606e-17
4.689, 1.78851e-16, 5.59922e-17, -7.69343, -0.208629, 1.56678, 7.51621e-18
4.709, -1.19213e-16, -1.04235e-16, -7.69343, -0.203211, 1.55929, -2.03948e-17
4.729, -4.93693e-16, -6.56517e-16, -7.69343, -0.197624, 1.55196, -1.17614e-16
4.749, -2.92249e-17, 2.36619e-16, -7.69343, -0.19188, 1.5448, 6.34235e-17
4.77, 2.65531e-16, 3.30601e-16, -7.69343, -0.185993, 1.53783, 5.6316e-17
4.79, -5.65596e-17, -1.21047e-16, -7.69343, -0.179979, 1.53105, -2.1104e-17
4.81, 6.72179e-17, 1.06213e-16, -7.69343, -0.17385, 1.52447, 4.15711e-17
4.83, -3.31391e-16, -3.20703e-16, -7.69343, -0.167625, 1.5181, -4.41188e-17
4.85, -3.52094e-16, -5.0298e-16, -7.69343, -0.161318, 1.51194, -1.09124e-16
4.87, -5.23056e-16, -3.56646e-16, -7.69343, -0.154947, 1.50601, -7.60509e-17
4.89, -5.1689e-16, -5.48558e-16, -7.69343, -0.148528, 1.50029, -1.12191e-16
4.91, -6.85201e-18, -2.51276e-16, -7.69343, -0.142078, 1.49481, -6.01569e-17
4.93, 8.70104e-17, 3.23071e-16, -7.69343, -0.135615, 1.48955, 8.23075e-17
4.95, 1.78345e-16, 1.11481e-16, -7.69343, -0.129155, 1.48452, 3.68092e-17
4.97, 1.69177e-17, 1.33824e-16, -7.69343, -0.122715, 1.47972, 1.61562e-17
4.99, 2.37226e-16, 2.62331e-16, -7.69343, -0.116311, 1.47515, 5.32468e-17
5.01, 2.81014e-17, -9.81755e-17, -7.69343, -0.10996, 1.47081, -2.42751e-17
5.03, 7.2382e-17, -2.52248e-16, -7.69343, -0.103677, 1.46668, -5.57827e-17
5.05, 4.13519e-16, 1.63357e-16, -7.69343, -0.0974765, 1.46278, 3.85866e-17
5.07, -6.18451e-17, -1.78204e-16, -7.69343, -0.0913729, 1.4591, -1.89158e-17
5.09, 1.45917e-16, 1.45951e-16, -7.69343, -0.0853805, 1.45562, 3.8657e-17
5.11, -2.83326e-16, -2.80997e-16, -7.69343, -0.0795112, 1.45235, -6.56736e-17
5.13, 6.01593e-17, 7.76014e-17, -7.69343, -0.0737764, 1.44928, 2.2559e-17
5.15, 2.982e-16, 2.50651e-16, -7.69343, -0.0681872, 1.4464, 7.08995e-17
5.17, -4.10635e-17, 8.37901e-17, -7.69343, -0.0627541, 1.44371, 2.32622e-18
5.19, 2.70706e-16, 1.72195e-16, -7.69343, -0.0574846, 1.44119, 2.9046e-17
5.21, 3.81343e-17, 6.51043e-17, -7.69343, -0.0523882, 1.43884, 2.64463e-17
5.23, 1.97882e-17, -6.07077e-17, -7.69343, -0.0474705, 1.43665, -1.67723e-17
5.251, -1.58237e-16, -1.93421e-16, -7.69343, -0.0427387, 1.43462, -3.95907e-17
5.271, 1.65475e-16, 6.32853e-18, -7.69343, -0.0381966, 1.43273, 9.63149e-18
5.291, -1.08659e-16, -5.73565e-17, -7.69343, -0.0338488, 1.43099, -1.56802e-17
5.311, 3.19711e-17, -3.88233e-16, -7.69343, -0.0296989, 1.42937, -7.1586e-17
5.331, 2.79905e-16, -6.53941e-17, -7.69343, -0.0257481, 1.42787, -3.31141e-18
5.351, 8.90369e-17, 2.64463e-17, -7.69343, -0.0219987, 1.4265, 9.09801e-18
5.371, 5.55107e-18, -1.84601e-16, -7.69343, -0.0184512, 1.42523, -2.6523e-17
5.391, 9.32769e-17, 1.94811e-16, -7.69343, -0.0151046, 1.42406, 3.65724e-17
5.411, -8.29048e-17, -2.29533e-16, -7.69343, -0.0119596, 1.42298, -4.11942e-17
5.431, 8.84924e-17, 1.85338e-16, -7.69343, -0.00901347, 1.422, 3.75493e-17
5.451, 1.31252e-17, -3.17606e-17, -7.69343, -0.00626508, 1.4211, -1.00422e-17
5.471, -3.23477e-17, -5.57803e-18, -7.69343, -0.00371134, 1.42027, 5.2351e-20
5.491, 4.80262e-17, 1.00286e-16, -7.69343, -0.00135009, 1.41952, 1.83128e-17
5.511, -5.33884e-17, -1.56418e-16, -7.69343, 0.000823269, 1.41883, -3.23644e-17
5.531, 2.95627e-17, 1.05584e-16, -7.69343, 0.00281175, 1.4182, 2.19274e-17
5.551, -1.80755e-17, -3.44647e-17, -7.69343, 0.00461957, 1.41764, -7.84931e-18
5.571, -2.02736e-18, -1.77105e-18, -7.69343, 0.00625117, 1.41712, -1.78163e-19
5.591, 7.87458e-18, 3.49431e-17, -7.69343, 0.00771093, 1.41666, 7.53172e-18
5.611, -1.43233e-17, -3.52742e-17, -7.69343, 0.00900394, 1.41625, -6.58792e-18
5.631, -1.00409e-16, -2.03954e-16, -7.69343, 0.0101347, 1.41587, -4.32185e-17
5.651, 6.00072e-18, 5.34064e-17, -7.69343, 0.0111083, 1.41554, 7.76991e-18
5.671, 3.7268e-17, -8.87843e-17, -7.69343, 0.0119299, 1.41525, -1.55145e-17
5.691, -1.88212e-17, -1.40257e-16, -7.69343, 0.0126046, 1.415, -2.7176e-17
5.711, -9.87117e-18, -1.49973e-16, -7.69343, 0.0131376, 1.41477, -2.61641e-17
5.731, -5.95245e-18, 4.08403e-18, -7.69343, 0.0135328, 1.41459, 1.14943e-19
5.752, -4.16748e-17, 9.50666e-17, -7.69343, 0.0137964, 1.41443, 2.50019e-17
5.772, -1.61175e-17, 1.93113e-16, -7.69343, 0.0139324, 1.4143, 4.3835e-17
5.792, -5.69382e-17, 2.11029e-17, -7.69343, 0.0139464, 1.4142, 7.3354e-19
5.812, 5.59822e-17, -2.07441e-16, -7.69343, 0.0138416, 1.41413, -3.31251e-17
5.832, -9.80161e-17, -8.46143e-17, -7.69343, 0.0136241, 1.41409, -2.65222e-17
5.852, 1.02774e-16, 8.42732e-17, -7.69343, 0.0132967, 1.41407, 1.60436e-17
5.872, 3.15593e-17, 3.44438e-16, -7.69343, 0.0128648, 1.41407, 6.76979e-17
5.892, 6.07957e-17, -7.94924e-18, -7.69343, 0.0123314, 1.41411, -5.39121e-18
5.912, 2.2735e-16, 1.35055e-16, -7.69343, 0.011701, 1.41416, 3.88649e-17
5.932, -4.73414e-17, 1.8509e-16, -7.69343, 0.0109765, 1.41424, 3.63136e-17
5.952, -7.08285e-17, 1.73348e-16, -7.69343, 0.0101623, 1.41434, 4.17966e-17
5.972, 2.25539e-17, -6.74683e-17, -7.69343, 0.00926123, 1.41447, -1.6383e-17
5.992, 1.13516e-17, 4.03681e-16, -7.69343, 0.008277, 1.41462, 7.74856e-17
6.012, 5.57854e-17, -1.41479e-16, -7.69343, 0.00721139, 1.4148, -3.17304e-17
6.032, -6.93057e-17, 8.82818e-17, -7.69343, 0.00606853, 1.41499, 1.16397e-17
6.052, -4.34151e-17, -2.15023e-16, -7.69343, 0.00485024, 1.41522, -3.93759e-17
6.072, 1.60672e-16, -1.23396e-16, -7.69343, 0.00355943, 1.41546, 9.74586e-20
6.092, 6.8729e-17, -1.3871e-16, -7.69343, 0.00219843, 1.41573, -2.53806e-17
6.112, -1.4669e-16, -3.45179e-16, -7.69343, 0.000769588, 1.41603, -5.60763e-17
6.132, -3.43432e-17, -1.73477e-16, -7.69343, -0.000724792, 1.41635, -3.25511e-17
6.152, 3.08837e-17, 2.00179e-16, -7.69343, -0.00228295, 1.4167, 1.12699e-17
6.172, -1.54305e-16, 6.69783e-17, -7.69343, -0.00390259, 1.41707, 2.22177e-18
6.192, -2.17689e-16, 2.00537e-16, -7.69343, -0.00558142, 1.41748, 2.95753e-17
6.212, -1.70486e-16, 5.18934e-16, -7.69343, -0.00731885, 1.4179, 1.03776e-16
6.232, 1.88549e-16, -1.70109e-16, -7.69343, -0.00911204, 1.41836, -1.53218e-17
6.253, 3.06003e-17, -6.31221e-16, -7.69343, -0.0109592, 1.41884, -1.33105e-16
6.273, -2.79459e-17, -1.45327e-17, -7.69343, -0.0128593, 1.41936, 2.04571e-17
6.293, 1.54433e-16, 3.24629e-16, -7.69343, -0.0148105, 1.4199, 6.19727e-17
6.313, 1.25944e-16, -1.05838e-18, -7.69343, -0.0168112, 1.42048, 2.03365e-17
6.333, 1.0968e-16, -2.01601e-16, -7.69343, -0.0188597, 1.42108, -2.5337e-17
6.353, -2.98987e-16, -6.87535e-17, -7.69343, -0.0209547, 1.42172, -2.00068e-17
6.373, 1.43903e-16, 2.02662e-16, -7.69343, -0.023094, 1.42239, 3.7326e-17
6.393, -3.42557e-17, -3.90655e-16, -7.69343, -0.025277, 1.42309, -7.56021e-17
6.413, 1.39987e-16, -2.48911e-16, -7.69343, -0.027502, 1.42383, -4.15908e-17
6.433, -6.54642e-18, 5.17131e-16, -7.69343, -0.0297674, 1.4246, 1.21639e-16
6.453, -2.63249e-16, 2.62845e-17, -7.69343, -0.0320713, 1.4254, -1.3309e-17
6.473, 6.10383e-17, 2.45886e-16, -7.69343, -0.0344126, 1.42624, 3.91091e-17
6.493, -7.83931e-17, -2.11301e-16, -7.69343, -0.0367902, 1.42712, -4.13958e-17
6.513, -1.49258e-16, -1.34593e-16, -7.69343, -0.0392019, 1.42803, -4.8642e-18
6.533, -1.22888e-16, 1.84364e-16, -7.69343, -0.041647, 1.42898, 5.11306e-17
6.553, -3.95413e-16, -5.11154e-17, -7.69343, -0.0441232, 1.42997, -1.73935e-17
6.573, 2.49607e-16, -1.46232e-16, -7.69343, -0.04663, 1.43099, -5.45593e-17
6.593, -2.6203e-16, 1.29271e-16, -7.69343, -0.0491652, 1.43205, -2.32062e-18
6.613, 2.12561e-16, 2.59246e-16, -7.69343, -0.0517277, 1.43316, 4.39264e-17
6.633, 3.32763e-16, 5.63682e-16, -7.69343, -0.0543162, 1.4343, 1.19894e-16
6.653, -1.51618e-16, 2.46112e-16, -7.69343, -0.0569291, 1.43548, 6.9991e-17
6.673, 4.06385e-16, -1.24484e-16, -7.69343, -0.0595653, 1.4367, -2.69256e-18
6.693, -4.0728e-16, -6.67564e-16, -7.69343, -0.0622226, 1.43796, -1.32779e-16
6.713, 6.27538e-17, 8.18245e-16, -7.69343, -0.064901, 1.43926, 1.64178e-16
6.733, -1.84885e-17, 2.9651e-16, -7.69343, -0.0675982, 1.4406, 5.90538e-17
6.754, -1.5016e-17, 3.21098e-16, -7.69343, -0.0703133, 1.44198, 5.31208e-17
6.774, 2.41161e-16, 5.20005e-16, -7.69343, -0.073045, 1.4434, 1.10232e-16
6.794, 1.59884e-16, 7.39173e-17, -7.69343, -0.0757914, 1.44486, 1.38121e-17
6.814, 5.33128e-17, -6.80099e-17, -7.69343, -0.0785522, 1.44637, -1.94628e-17
6.834, -3.4897e-16, -1.65531e-16, -7.69343, -0.081326, 1.44791, -1.91184e-17
6.854, -1.93029e-16, 6.88108e-16, -7.69343, -0.0841107, 1.4495, 1.5406e-16
6.874, -3.82861e-16, -3.25293e-16, -7.69343, -0.0869062, 1.45113, -4.31419e-17
6.894, -3.0618e-16, -1.85094e-16, -7.69343, -0.0897104, 1.4528, -5.71907e-17
6.914, 9.3438e-17, -1.3535e-16, -7.69343, -0.0925229, 1.45451, -6.20959e-17
6.934, -4.85498e-17, 7.60389e-17, -7.69343, -0.0953425, 1.45626, 1.72605e-17
6.954, -2.52041e-16, -8.05476e-16, -7.69343, -0.0981674, 1.45805, -1.41731e-16
6.974, 1.69904e-16, 7.5897e-17, -7.69343, -0.100997, 1.45989, 2.14411e-17
6.994, -2.21392e-16, -1.74883e-16, -7.69343, -0.10383, 1.46176, -4.86256e-17
7.014, -1.8591e-16, -2.76139e-17, -7.69343, -0.106665, 1.46368, -1.80523e-17
7.034, 5.07372e-17, 8.22393e-17, -7.69343, -0.109502, 1.46564, 1.29813e-17
7.054, -1.03405e-16, -2.12256e-16, -7.69343, -0.112339, 1.46764, -6.54177e-17
7.074, 6.70459e-17, 2.61178e-16, -7.69343, -0.115175, 1.46968, 6.29184e-17
7.094, -2.15772e-16, 1.24683e-16, -7.69343, -0.118009, 1.47176, 2.92105e-17
7.114, 1.79271e-16, 2.41008e-16, -7.69343, -0.12084, 1.47388, 6.33672e-17
7.134, 2.635e-17, 2.57762e-18, -7.69343, -0.123666, 1.47603, 7.98029e-18
7.154, -8.2683e-17, -4.24432e-16, -7.69343, -0.126487, 1.47823, -8.46554e-17
7.174, 1.87845e-16, 3.70307e-16, -7.69343, -0.129302, 1.48047, 9.60887e-17
7.194, -2.47928e-16, -1.42784e-16, -7.69343, -0.132109, 1.48274, -2.16297e-17
7.214, 1.22245e-16, -2.43479e-16, -7.69343, -0.134908, 1.48506, -4.34649e-17
7.234, -2.44456e-16, -4.05673e-16, -7.69343, -0.137697, 1.48741, -7.39925e-17
7.255, 2.40738e-16, 3.59009e-16, -7.69343, -0.140475, 1.48979, 6.95042e-17
7.275, -2.12545e-16, 5.27966e-16, -7.69343, -0.143241, 1.49222, 9.12155e-17
7.295, 2.06513e-16, 2.90346e-16, -7.69343, -0.145994, 1.49467, 5.01444e-17
7.315, 2.13871e-16, 8.18841e-17, -7.69343, -0.148734, 1.49717, 1.04882e-17
7.335, -8.38989e-17, -4.39354e-16, -7.69343, -0.151458, 1.49969, -7.95174e-17
7.355, -2.63292e-16, 3.27173e-18, -7.69343, -0.154166, 1.50225, -1.96461e-17
7.375, -1.00476e-16, -1.88131e-16, -7.69343, -0.156857, 1.50485, -2.87566e-17
7.395, -6.59905e-17, -9.4156e-17, -7.69343, -0.15953, 1.50747, -2.17008e-17
7.415, 3.65213e-16, 4.64724e-16, -7.69343, -0.162184, 1.51012, 1.06078e-16
7.435, 7.05718e-17, 1.45642e-16, -7.69343, -0.164818, 1.51281, 9.60598e-18
7.455, -2.37984e-17, 3.14788e-16, -7.69343, -0.167431, 1.51552, 6.53549e-17
7.475, -5.23709e-16, -8.35294e-16, -7.69343, -0.170022, 1.51826, -1.6325e-16
7.495, -2.02301e-16, 1.07688e-16, -7.69343, -0.17259, 1.52102, 3.35955e-17
7.515, -4.26293e-17, 1.64476e-16, -7.69343, -0.175135, 1.52382, 2.79397e-17
7.535, -4.18732e-16, -5.42083e-16, -7.69343, -0.177655, 1.52663, -1.01083e-16
7.555, -5.16241e-16, -6.53923e-16, -7.69343, -0.180151, 1.52947, -1.38651e-16
7.575, -1.24634e-16, 6.80351e-17, -7.69343, -0.182621, 1.53233, 6.33877e-18
7.595, 1.62565e-16, 5.15976e-16, -7.69343, -0.185064, 1.53522, 1.07203e-16
7.615, -2.22893e-17, 6.89686e-17, -7.69343, -0.187481, 1.53812, 4.21261e-18
7.635, -2.60831e-16, -2.98993e-16, -7.69343, -0.18987, 1.54104, -4.27839e-17
7.655, -6.18248e-16, -8.34928e-16, -7.69343, -0.192231, 1.54398, -1.53625e-16
7.675, 8.94927e-17, 1.5214e-16, -7.69343, -0.194564, 1.54694, 3.29429e-17
7.695, 3.60313e-17, 2.83871e-16, -7.69343, -0.196868, 1.54992, 6.7556e-17
7.715, -1.26204e-16, -3.15576e-16, -7.69343, -0.199143, 1.55291, -7.32289e-17
7.735, 2.10284e-16, -1.05126e-17, -7.69343, -0.201389, 1.55591, 2.39046e-18
7.756, 9.77137e-17, -2.68799e-17, -7.69343, -0.203604, 1.55893, -2.24927e-17
7.776, 3.69573e-17, 2.68534e-17, -7.69343, -0.20579, 1.56196, 2.21602e-17
7.796, 4.80742e-16, 6.02254e-16, -7.69343, -0.207946, 1.565, 1.40228e-16
7.816, 2.29922e-16, 6.66156e-16, -7.69343, -0.210072, 1.56806, 1.07171e-16
7.836, 7.6761e-17, 4.18676e-16, -7.69343, -0.212168, 1.57112, 9.11242e-17
7.856, -3.7862e-16, -4.48641e-16, -7.69343, -0.214233, 1.5742, -8.77429e-17
7.876, -2.07947e-16, -5.71608e-17, -7.69343, -0.216268, 1.57728, -6.07524e-18
7.896, 1.48082e-16, 2.15667e-16, -7.69343, -0.218273, 1.58038, 5.18618e-17
7.916, -2.72029e-16, -8.45762e-17, -7.69343, -0.220247, 1.58348, -2.88126e-17
7.936, 3.79012e-16, 7.01104e-16, -7.69343, -0.222192, 1.58659, 1.61721e-16
7.956, -4.70676e-17, -7.17263e-17, -7.69343, -0.224105, 1.58971, -3.06472e-18
7.976, -9.78174e-17, -2.46276e-16, -7.69343, -0.225989, 1.59283, -4.06973e-17
7.996, 1.50739e-16, 1.4237e-16, -7.69343, -0.227843, 1.59596, 3.71774e-17
8.016, 2.51727e-16, 3.08098e-16, -7.69343, -0.229667, 1.5991, 5.56293e-17
8.036, -2.36423e-16, -3.12621e-16, -7.69343, -0.231461, 1.60225, -5.72522e-17
8.056, -1.98801e-16, 5.80232e-17, -7.69343, -0.233225, 1.6054, 1.31875e-17
8.076, 2.14327e-16, 3.1894e-16, -7.69343, -0.23496, 1.60856, 6.23725e-17
8.096, 1.44556e-16, -6.37036e-17, -7.69343, -0.236665, 1.61173, -1.15668e-17
8.116, -7.02569e-16, -6.1514e-16, -7.69343, -0.238341, 1.6149, -1.25481e-16
8.136, 2.83863e-16, 2.96463e-16, -7.69343, -0.239987, 1.61808, 5.07584e-17
8.156, -3.41647e-16, -4.11963e-16, -7.69343, -0.241604, 1.62126, -1.036e-16
8.176, -5.58675e-16, -3.4028e-16, -7.69343, -0.243191, 1.62446, -7.09007e-17
8.196, 6.24107e-16, 6.0402e-16, -7.69343, -0.244749, 1.62765, 1.21872e-16
8.216, 6.21698e-17, 8.39405e-17, -7.69343, -0.246279, 1.63086, 1.476e-17
8.236, 2.59646e-16, 3.31307e-16, -7.69343, -0.247779, 1.63407, 6.19947e-17
8.257, 7.68492e-17, -8.56691e-17, -7.69343, -0.249249, 1.63728, -3.36133e-17
8.277, 2.40836e-16, 2.36767e-16, -7.69343, -0.250691, 1.64051, 6.16654e-17
8.297, 1.15961e-16, 1.04286e-16, -7.69343, -0.252103, 1.64373, 1.76387e-17
8.317, -3.64243e-16, -5.47816e-16, -7.69343, -0.253485, 1.64697, -1.17603e-16
8.337, 6.39281e-17, 2.29439e-17, -7.69343, -0.254839, 1.65021, -1.06552e-19
8.357, 3.83817e-16, 4.34593e-16, -7.69343, -0.256163, 1.65346, 8.9428e-17
8.377, -8.86238e-17, -3.44942e-16, -7.69343, -0.257457, 1.65671, -9.13352e-17
8.397, 3.37552e-16, 2.90998e-16, -7.69343, -0.258722, 1.65997, 4.08862e-17
8.417, -1.4417e-16, -1.63953e-16, -7.69343, -0.259956, 1.66324, -3.03922e-17
8.437, -3.56368e-16, -3.19725e-16, -7.69343, -0.261161, 1.66651, -5.4263e-17
8.457, 1.86339e-16, 2.73872e-16, -7.69343, -0.262336, 1.66979, 7.16445e-17
8.477, 9.64355e-17, 4.02935e-16, -7.69343, -0.26348, 1.67308, 8.18752e-17
8.497, -8.40082e-16, -9.70415e-16, -7.69343, -0.264594, 1.67637, -1.99738e-16
8.517, 6.57312e-17, -7.88001e-17, -7.69343, -0.265677, 1.67967, -3.24229e-17
8.537, 2.0765e-16, -4.73109e-17, -7.69343, -0.266729, 1.68297, -3.3257e-17
8.557, 3.08019e-16, 1.38849e-16, -7.69343, -0.26775, 1.68628, 1.18765e-17
8.577, -3.05352e-17, 8.17307e-17, -7.69343, -0.26874, 1.68959, 8.69439e-18
8.597, 7.46168e-16, 7.25127e-16, -7.69343, -0.269698, 1.69291, 1.30047e-16
8.617, -4.06856e-16, -1.22311e-16, -7.69343, -0.270624, 1.69624, -1.68268e-17
8.637, -2.86892e-16, -2.70251e-16, -7.69343, -0.271518, 1.69957, -6.33616e-17
8.657, 6.77279e-16, 5.05436e-16, -7.69343, -0.27238, 1.7029, 1.02808e-16
8.677, 2.72437e-16, 2.29854e-16, -7.69343, -0.273209, 1.70624, 5.08399e-17
8.697, -1.78834e-16, -1.34811e-16, -7.69343, -0.274006, 1.70958, -2.91878e-17
8.717, 2.03545e-16, 3.76335e-16, -7.69343, -0.27477, 1.71293, 8.17153e-17
8.737, 8.36835e-16, 6.86472e-16, -7.69343, -0.2755, 1.71628, 1.38908e-16
8.758, 3.66553e-16, 1.47936e-16, -7.69343, -0.276197, 1.71964, 1.20681e-18
8.778, 1.00365e-16, 9.81499e-17, -7.69343, -0.27686, 1.723, 3.3288e-17
8.798, 6.90199e-16, 3.4102e-16, -7.69343, -0.277489, 1.72636, 4.73123e-17
8.818, -1.52109e-16, -4.59835e-18, -7.69343, -0.278084, 1.72973, -3.33736e-18
8.838, -8.57168e-16, -7.71454e-16, -7.69343, -0.278644, 1.7331, -1.59907e-16
8.858, 3.19566e-17, -2.40916e-16, -7.69343, -0.279169, 1.73647, -7.5878e-17
8.878, -7.78303e-17, 2.60217e-16, -7.69343, -0.279659, 1.73985, 6.18975e-17
8.898, 4.09002e-18, 2.74019e-16, -7.69343, -0.280114, 1.74323, 7.15374e-17
8.918, -3.24776e-18, 2.30901e-16, -7.69343, -0.280533, 1.74661, 6.38254e-17
8.938, 5.31473e-16, 3.32581e-16, -7.69343, -0.280916, 1.74999, 5.94449e-17
8.958, -2.29686e-16, -2.2038e-16, -7.69343, -0.281263, 1.75338, -7.44002e-17
8.978, -1.05828e-16, 3.73555e-16, -7.69343, -0.281573, 1.75677, 1.00152e-16
8.998, 5.07754e-16, 4.95209e-16, -7.69343, -0.281847, 1.76015, 8.74133e-17
9.018, 3.50996e-16, 2.45528e-16, -7.69343, -0.282084, 1.76354, 4.84432e-17
9.038, 1.14543e-17, 1.16265e-17, -7.69343, -0.282283, 1.76694, -1.49052e-17
9.058, -6.41572e-16, -2.5051e-16, -7.69343, -0.282445, 1.77033, -3.66375e-17
9.078, -3.0539e-16, -1.42885e-16, -7.69343, -0.28257, 1.77372, -2.62399e-17
9.098, -1.00419e-16, 1.79807e-16, -7.69343, -0.282656, 1.77711, 4.44413e-17
9.118, -1.24767e-16, -1.04995e-16, -7.69343, -0.282704, 1.7805, -9.43875e-18
9.138, 5.30359e-17, 6.94993e-18, -7.69343, -0.282714, 1.78389, 2.66043e-17
9.158, -1.76734e-16, 1.6832e-16, -7.69343, -0.282685, 1.78728, 5.29809e-17
9.178, -4.90964e-16, -2.50126e-16, -7.69343, -0.282618, 1.79067, -2.249e-17
9.198, -2.73816e-16, -2.65e-16, -7.69343, -0.282511, 1.79405, -5.23393e-17
9.218, -3.4842e-16, 3.17827e-17, -7.69343, -0.282366, 1.79743, 2.33207e-17
9.238, 2.61793e-16, 8.09867e-17, -7.69343, -0.282181, 1.80081, -3.8115e-19
9.259, 1.3082e-16, -8.36013e-17, -7.69343, -0.281956, 1.80419, -1.95582e-17
9.279, -2.23034e-16, 1.36176e-16, -7.69343, -0.281692, 1.80756, 3.67161e-17
9.299, 5.30147e-16, 4.86134e-16, -7.69343, -0.281389, 1.81092, 1.06792e-16
9.319, 1.70824e-16, 2.34426e-16, -7.69343, -0.281046, 1.81428, 6.64599e-17
9.339, 2.64769e-17, 1.9888e-17, -7.69343, -0.280663, 1.81764, -3.11938e-18
9.359, 4.12688e-17, 6.05837e-17, -7.69343, -0.28024, 1.82099, 2.38967e-17
9.379, 1.18259e-17, -2.75731e-16, -7.69343, -0.279778, 1.82433, -8.13049e-17
9.399, 2.7527e-16, -2.59898e-17, -7.69343, -0.279276, 1.82766, -2.26975e-17
9.419, 2.95422e-16, 3.87861e-16, -7.69343, -0.278734, 1.83098, 9.2156e-17
9.439, 3.97637e-18, 8.68112e-17, -7.69343, -0.278152, 1.8343, 2.63837e-17
9.459, -1.64669e-16, -1.70352e-16, -7.69343, -0.277531, 1.8376, -2.55588e-17
9.479, 8.28056e-18, -7.64244e-17, -7.69343, -0.27687, 1.8409, -7.45466e-18
9.499, 1.76519e-16, 1.08289e-16, -7.69343, -0.276169, 1.84418, 3.88328e-17
9.519, 6.4876e-16, 5.62241e-16, -7.69343, -0.27543, 1.84745, 1.36064e-16
9.539, 4.48348e-17, 1.87504e-16, -7.69343, -0.274651, 1.85071, 4.32809e-17
9.559, -5.05306e-16, -3.65163e-16, -7.69343, -0.273834, 1.85396, -8.04743e-17
9.579, 1.40053e-17, 5.05899e-16, -7.69343, -0.272978, 1.85719, 1.32469e-16
9.599, -1.72762e-16, -3.02785e-17, -7.69343, -0.272084, 1.86041, -1.48921e-18
9.619, -2.56677e-16, -2.13364e-16, -7.69343, -0.271151, 1.86361, -4.6487e-17
9.639, 2.93035e-16, 3.17644e-16, -7.69343, -0.27018, 1.8668, 9.23582e-17
9.659, 2.56092e-16, -9.67073e-17, -7.69343, -0.269172, 1.86997, -4.61904e-17
9.679, 1.77066e-16, 1.76589e-16, -7.69343, -0.268127, 1.87313, 5.88007e-17
9.699, -6.65595e-16, -4.21972e-16, -7.69343, -0.267044, 1.87627, -9.2755e-17
9.719, -7.7487e-17, 4.03048e-16, -7.69343, -0.265925, 1.87939, 1.19633e-16
9.739, 3.05145e-16, 1.46045e-16, -7.69343, -0.26477, 1.8825, 4.30612e-17
9.76, 5.17024e-16, 3.58879e-16, -7.69343, -0.263579, 1.88559, 7.94166e-17
9.78, -1.26332e-16, -1.07277e-16, -7.69343, -0.262352, 1.88866, -2.92002e-17
9.8, 1.17364e-16, 2.94261e-16, -7.69343, -0.261091, 1.89171, 8.9374e-17
9.82, -2.3925e-16, 2.11251e-17, -7.69343, -0.259794, 1.89474, 1.51359e-17
9.84, 2.68146e-16, 4.11949e-16, -7.69343, -0.258464, 1.89775, 1.12021e-16
9.86, 1.04326e-18, -1.58885e-17, -7.69343, -0.257099, 1.90075, -4.23556e-18
9.88, 9.18108e-17, 9.51322e-17, -7.69343, -0.255702, 1.90372, 2.60483e-17
9.9, 1.09157e-16, 9.74074e-18, -7.69343, -0.254272, 1.90667, 1.66598e-18
9.92, -2.65483e-16, 8.894e-17, -7.69343, -0.252809, 1.90961, 4.82592e-17
9.94, -1.15811e-17, 1.03701e-16, -7.69343, -0.251315, 1.91252, 3.04908e-17
9.96, -1.1841e-15, -5.9113e-16, -7.69343, -0.249789, 1.91541, -1.23185e-16
9.98, -4.44187e-16, -3.52106e-16, -7.69343, -0.248233, 1.91828, -8.9615e-17
10, -9.96707e-16, -2.7124e-16, -7.69343, -0.246647, 1.92113, -3.69378e-17
