0, 0.516779, 0.34771, -7.57317, -0.0234722, 1.76052, 0.109515
0.02, 0.515957, 0.347457, -7.5691, -0.0219732, 1.76237, 0.110436
0.04, 0.515096, 0.347207, -7.56504, -0.020451, 1.76422, 0.111362
0.06, 0.514195, 0.34696, -7.56098, -0.0189068, 1.76605, 0.112291
0.08, 0.513257, 0.346715, -7.55692, -0.017341, 1.76787, 0.113224
0.1, 0.512281, 0.346473, -7.55286, -0.0157544, 1.76968, 0.11416
0.12, 0.511269, 0.346234, -7.54881, -0.0141475, 1.77149, 0.1151
0.14, 0.51022, 0.345997, -7.54476, -0.0125214, 1.77328, 0.116043
0.16, 0.509134, 0.345762, -7.54071, -0.0108768, 1.77506, 0.116989
0.18, 0.508013, 0.345531, -7.53666, -0.00921413, 1.77682, 0.117937
0.2, 0.506854, 0.345302, -7.53262, -0.00753463, 1.77858, 0.118889
0.22, 0.505659, 0.345076, -7.52858, -0.00583847, 1.78032, 0.119844
0.24, 0.504427, 0.344853, -7.52454, -0.00412681, 1.78205, 0.120802
0.261, 0.503157, 0.344634, -7.5205, -0.00240022, 1.78376, 0.121762
0.281, 0.50185, 0.344419, -7.51647, -0.000659464, 1.78547, 0.122725
0.301, 0.500503, 0.34421, -7.51244, 0.0010946, 1.78716, 0.123692
0.321, 0.499116, 0.344006, -7.50842, 0.00286144, 1.78884, 0.124661
0.341, 0.497689, 0.343808, -7.5044, 0.00464065, 1.79051, 0.125633
0.361, 0.49622, 0.343618, -7.50039, 0.00643063, 1.79217, 0.126609
0.381, 0.494709, 0.343434, -7.49639, 0.00823176, 1.79382, 0.127587
0.401, 0.493154, 0.343259, -7.4924, 0.0100422, 1.79546, 0.128569
0.421, 0.491555, 0.343093, -7.48842, 0.0118623, 1.79708, 0.129553
0.441, 0.48991, 0.342937, -7.48445, 0.0136906, 1.7987, 0.130541
0.461, 0.488218, 0.342792, -7.48049, 0.0155265, 1.8003, 0.131533
0.481, 0.486479, 0.342658, -7.47654, 0.0173696, 1.8019, 0.132527
0.501, 0.484692, 0.342536, -7.47261, 0.0192189, 1.80349, 0.133525
0.521, 0.482856, 0.342426, -7.46869, 0.0210741, 1.80507, 0.134525
0.541, 0.480971, 0.342328, -7.46479, 0.0229339, 1.80664, 0.135529
0.561, 0.479035, 0.342245, -7.46091, 0.0247977, 1.80821, 0.136536
0.581, 0.477048, 0.342174, -7.45705, 0.0266648, 1.80977, 0.137545
0.601, 0.47501, 0.342116, -7.4532, 0.0285347, 1.81132, 0.138557
0.621, 0.472921, 0.342073, -7.44938, 0.0304057, 1.81286, 0.139571
0.641, 0.47078, 0.342043, -7.44558, 0.0322779, 1.8144, 0.140587
0.661, 0.468588, 0.342026, -7.4418, 0.0341505, 1.81593, 0.141605
0.681, 0.466344, 0.342023, -7.43804, 0.0360219, 1.81745, 0.142624
0.701, 0.46405, 0.342032, -7.43431, 0.037892, 1.81897, 0.143644
0.721, 0.461705, 0.342052, -7.4306, 0.0397596, 1.82048, 0.144665
0.741, 0.45931, 0.342085, -7.42691, 0.0416237, 1.82199, 0.145686
0.762, 0.456865, 0.342128, -7.42325, 0.0434838, 1.82349, 0.146706
0.782, 0.454372, 0.342181, -7.41961, 0.0453386, 1.82498, 0.147725
0.802, 0.451831, 0.342243, -7.416, 0.0471872, 1.82647, 0.148743
0.822, 0.449242, 0.342313, -7.41241, 0.049029, 1.82795, 0.149759
0.842, 0.446607, 0.34239, -7.40885, 0.0508624, 1.82943, 0.150773
0.862, 0.443927, 0.342472, -7.40531, 0.0526877, 1.8309, 0.151783
0.882, 0.441203, 0.34256, -7.4018, 0.0545027, 1.83236, 0.15279
0.902, 0.438435, 0.342652, -7.39831, 0.0563067, 1.83381, 0.153792
0.922, 0.435625, 0.342747, -7.39485, 0.0580991, 1.83526, 0.15479
0.942, 0.432774, 0.342843, -7.39142, 0.0598794, 1.8367, 0.155782
0.962, 0.429883, 0.342941, -7.38801, 0.0616458, 1.83813, 0.156769
0.982, 0.426953, 0.343039, -7.38462, 0.0633979, 1.83956, 0.157749
1.002, 0.423984, 0.343136, -7.38126, 0.0651347, 1.84098, 0.158723
1.022, 0.420978, 0.343231, -7.37793, 0.0668552, 1.84239, 0.15969
1.042, 0.417935, 0.343325, -7.37462, 0.0685585, 1.84379, 0.16065
1.062, 0.414857, 0.343416, -7.37134, 0.0702442, 1.84519, 0.161601
1.082, 0.411744, 0.343504, -7.36809, 0.0719113, 1.84658, 0.162545
1.102, 0.408596, 0.343589, -7.36486, 0.0735589, 1.84796, 0.16348
1.122, 0.405414, 0.34367, -7.36166, 0.0751858, 1.84933, 0.164407
1.142, 0.4022, 0.343747, -7.35848, 0.0767921, 1.8507, 0.165325
1.162, 0.398951, 0.343821, -7.35533, 0.0783765, 1.85206, 0.166234
1.182, 0.395671, 0.343891, -7.35221, 0.0799385, 1.85342, 0.167135
1.202, 0.392359, 0.343958, -7.34912, 0.0814768, 1.85477, 0.168026
1.222, 0.389014, 0.344021, -7.34606, 0.0829916, 1.85611, 0.168908
1.242, 0.385638, 0.34408, -7.34302, 0.0844821, 1.85745, 0.169781
1.263, 0.382231, 0.344137, -7.34001, 0.0859472, 1.85878, 0.170645
1.283, 0.378792, 0.344192, -7.33704, 0.0873866, 1.86011, 0.1715
1.303, 0.375321, 0.344244, -7.33409, 0.0887991, 1.86143, 0.172345
1.323, 0.371821, 0.344293, -7.33117, 0.0901849, 1.86275, 0.173181
1.343, 0.368289, 0.344341, -7.32828, 0.0915427, 1.86406, 0.174008
1.363, 0.364726, 0.344387, -7.32542, 0.0928721, 1.86537, 0.174826
1.383, 0.361133, 0.344431, -7.32259, 0.0941725, 1.86667, 0.175634
1.403, 0.35751, 0.344473, -7.31979, 0.0954427, 1.86798, 0.176432
1.423, 0.353857, 0.344513, -7.31703, 0.0966828, 1.86928, 0.177221
1.443, 0.350175, 0.344551, -7.31429, 0.0978914, 1.87057, 0.178
1.463, 0.346463, 0.344586, -7.31158, 0.0990679, 1.87186, 0.178769
1.483, 0.342723, 0.344618, -7.3089, 0.100211, 1.87315, 0.179527
1.503, 0.338954, 0.344646, -7.30625, 0.101321, 1.87444, 0.180275
1.523, 0.33516, 0.344669, -7.30363, 0.102398, 1.87572, 0.181011
1.543, 0.331338, 0.344685, -7.30103, 0.103438, 1.87699, 0.181736
1.563, 0.32749, 0.344695, -7.29846, 0.104442, 1.87827, 0.182449
1.583, 0.323619, 0.344696, -7.29592, 0.105409, 1.87954, 0.18315
1.603, 0.319724, 0.344686, -7.2934, 0.106338, 1.8808, 0.183837
1.623, 0.315806, 0.344665, -7.2909, 0.107227, 1.88206, 0.184512
1.643, 0.311867, 0.34463, -7.28843, 0.108076, 1.88331, 0.185171
1.663, 0.307909, 0.344579, -7.28598, 0.108884, 1.88456, 0.185816
1.683, 0.303933, 0.344511, -7.28355, 0.10965, 1.8858, 0.186445
1.703, 0.29994, 0.344424, -7.28114, 0.110372, 1.88703, 0.187057
1.723, 0.295933, 0.344315, -7.27874, 0.111049, 1.88825, 0.187653
1.743, 0.291911, 0.344182, -7.27636, 0.11168, 1.88946, 0.188231
1.764, 0.287878, 0.344024, -7.274, 0.112265, 1.89067, 0.18879
1.784, 0.283836, 0.343838, -7.27165, 0.112801, 1.89186, 0.18933
1.804, 0.279785, 0.343622, -7.26932, 0.113288, 1.89304, 0.189851
1.824, 0.275728, 0.343376, -7.26699, 0.113724, 1.89421, 0.190351
1.844, 0.271667, 0.343097, -7.26468, 0.114109, 1.89537, 0.19083
1.864, 0.267602, 0.342783, -7.26238, 0.114441, 1.89651, 0.191288
1.884, 0.263537, 0.342435, -7.26009, 0.114719, 1.89764, 0.191724
1.904, 0.259473, 0.34205, -7.25781, 0.114942, 1.89875, 0.192138
1.924, 0.255412, 0.341627, -7.25554, 0.11511, 1.89985, 0.192529
1.944, 0.251355, 0.341168, -7.25327, 0.115221, 1.90094, 0.192898
1.964, 0.247304, 0.340671, -7.25102, 0.115275, 1.902, 0.193244
1.984, 0.24326, 0.340136, -7.24877, 0.115269, 1.90305, 0.193568
2.004, 0.239225, 0.339565, -7.24654, 0.115205, 1.90408, 0.19387
2.024, 0.2352, 0.338958, -7.24431, 0.11508, 1.90509, 0.194149
2.044, 0.231187, 0.338316, -7.2421, 0.114896, 1.90608, 0.194407
2.064, 0.227187, 0.33764, -7.23989, 0.11465, 1.90706, 0.194643
2.084, 0.2232, 0.336933, -7.2377, 0.114343, 1.90802, 0.194859
2.104, 0.219229, 0.336196, -7.23553, 0.113974, 1.90895, 0.195054
2.124, 0.215273, 0.335432, -7.23337, 0.113542, 1.90987, 0.195231
2.144, 0.211334, 0.334644, -7.23122, 0.113048, 1.91077, 0.195389
2.164, 0.207412, 0.333834, -7.2291, 0.112492, 1.91164, 0.19553
2.184, 0.203508, 0.333005, -7.22699, 0.111873, 1.9125, 0.195654
2.204, 0.199623, 0.33216, -7.22491, 0.111191, 1.91334, 0.195763
2.224, 0.195757, 0.331304, -7.22285, 0.110447, 1.91415, 0.195858
2.244, 0.191911, 0.330438, -7.22081, 0.10964, 1.91495, 0.195939
2.265, 0.188085, 0.329565, -7.2188, 0.10877, 1.91573, 0.196007
2.285, 0.18428, 0.328688, -7.21682, 0.107837, 1.91648, 0.196064
2.305, 0.180495, 0.327809, -7.21487, 0.106842, 1.91721, 0.19611
2.325, 0.176731, 0.326933, -7.21295, 0.105785, 1.91793, 0.196147
2.345, 0.172989, 0.326063, -7.21106, 0.104665, 1.91861, 0.196175
2.365, 0.169272, 0.325198, -7.20921, 0.103483, 1.91928, 0.196195
2.385, 0.165579, 0.324342, -7.20739, 0.102238, 1.91992, 0.196207
2.405, 0.161912, 0.323496, -7.20561, 0.100932, 1.92054, 0.196213
2.425, 0.158272, 0.322663, -7.20387, 0.0995628, 1.92114, 0.196212
2.445, 0.154659, 0.321844, -7.20216, 0.0981326, 1.9217, 0.196206
2.465, 0.151076, 0.321041, -7.2005, 0.0966415, 1.92224, 0.196195
2.485, 0.147521, 0.320257, -7.19888, 0.0950892, 1.92276, 0.196179
2.505, 0.143996, 0.319491, -7.19729, 0.0934755, 1.92324, 0.196159
2.525, 0.140505, 0.318744, -7.19575, 0.0918023, 1.92369, 0.196136
2.545, 0.137047, 0.318018, -7.19424, 0.0900692, 1.92411, 0.196109
2.565, 0.133624, 0.317312, -7.19278, 0.0882758, 1.92449, 0.196078
2.585, 0.130238, 0.316627, -7.19135, 0.0864236, 1.92484, 0.196044
2.605, 0.126891, 0.315961, -7.18996, 0.084512, 1.92515, 0.196006
2.625, 0.123585, 0.315315, -7.1886, 0.0825418, 1.92542, 0.195965
2.645, 0.120322, 0.314688, -7.18729, 0.0805136, 1.92565, 0.195919
2.665, 0.117105, 0.314079, -7.186, 0.078427, 1.92583, 0.195869
2.685, 0.113936, 0.313486, -7.18475, 0.076283, 1.92597, 0.195814
2.705, 0.110818, 0.31291, -7.18353, 0.0740829, 1.92606, 0.195755
2.725, 0.107754, 0.312348, -7.18234, 0.0718255, 1.92609, 0.19569
2.745, 0.104746, 0.3118, -7.18119, 0.0695133, 1.92608, 0.195619
2.766, 0.101798, 0.311265, -7.18005, 0.0671456, 1.926, 0.195542
2.786, 0.0989122, 0.310742, -7.17895, 0.0647235, 1.92587, 0.195458
2.806, 0.0960923, 0.310231, -7.17787, 0.0622483, 1.92567, 0.195368
2.826, 0.0933416, 0.30973, -7.17682, 0.0597216, 1.92542, 0.195271
2.846, 0.0906623, 0.309241, -7.17579, 0.0571433, 1.92509, 0.195167
2.866, 0.0880576, 0.308762, -7.17479, 0.0545154, 1.9247, 0.195056
2.886, 0.0855307, 0.308296, -7.17381, 0.051839, 1.92424, 0.194937
2.906, 0.0830845, 0.307842, -7.17285, 0.0491165, 1.9237, 0.194812
2.926, 0.0807214, 0.307402, -7.17192, 0.046349, 1.92309, 0.194681
2.946, 0.0784428, 0.306978, -7.171, 0.0435379, 1.92241, 0.194543
2.966, 0.0762527, 0.306572, -7.17012, 0.040687, 1.92164, 0.1944
2.986, 0.0741507, 0.306187, -7.16926, 0.0377968, 1.9208, 0.194252
3.006, 0.0721404, 0.305826, -7.16842, 0.0348712, 1.91987, 0.194099
3.026, 0.0702221, 0.305493, -7.16761, 0.0319119, 1.91886, 0.193944
3.046, 0.0683955, 0.305191, -7.16683, 0.0289214, 1.91777, 0.193787
3.066, 0.0666622, 0.304925, -7.16608, 0.0259036, 1.91659, 0.193629
3.086, 0.065022, 0.3047, -7.16536, 0.0228617, 1.91533, 0.193471
3.106, 0.0634743, 0.304521, -7.16467, 0.0197978, 1.91397, 0.193315
3.126, 0.062019, 0.304393, -7.16402, 0.0167168, 1.91254, 0.193162
3.146, 0.0606531, 0.304321, -7.16341, 0.0136205, 1.91101, 0.193013
3.166, 0.059376, 0.304312, -7.16284, 0.0105141, 1.9094, 0.192871
3.186, 0.0581848, 0.304371, -7.16231, 0.00740012, 1.9077, 0.192736
3.206, 0.0570776, 0.304505, -7.16182, 0.00428314, 1.90591, 0.19261
3.226, 0.0560508, 0.304717, -7.16138, 0.00116667, 1.90403, 0.192494
3.246, 0.0551023, 0.305016, -7.16099, -0.00194475, 1.90207, 0.192391
3.267, 0.0542275, 0.305405, -7.16065, -0.00504759, 1.90002, 0.1923
3.287, 0.0534224, 0.305891, -7.16036, -0.00813837, 1.89789, 0.192224
3.307, 0.0526836, 0.306479, -7.16012, -0.011212, 1.89567, 0.192164
3.327, 0.0520069, 0.307173, -7.15994, -0.0142649, 1.89336, 0.19212
3.347, 0.0513879, 0.307977, -7.15981, -0.0172933, 1.89097, 0.192093
3.367, 0.0508217, 0.308896, -7.15974, -0.0202931, 1.88849, 0.192085
3.387, 0.0503049, 0.309933, -7.15973, -0.0232602, 1.88594, 0.192095
3.407, 0.0498332, 0.311092, -7.15978, -0.0261902, 1.88329, 0.192124
3.427, 0.0494023, 0.312375, -7.15989, -0.0290803, 1.88057, 0.192172
3.447, 0.0490084, 0.313785, -7.16006, -0.0319257, 1.87776, 0.19224
3.467, 0.0486478, 0.315323, -7.16029, -0.034723, 1.87487, 0.192326
3.487, 0.0483177, 0.316991, -7.16057, -0.037468, 1.8719, 0.192431
3.507, 0.0480146, 0.31879, -7.16091, -0.0401574, 1.86884, 0.192555
3.527, 0.0477359, 0.320721, -7.16132, -0.0427873, 1.86571, 0.192697
3.547, 0.0474793, 0.322785, -7.16178, -0.045354, 1.86249, 0.192855
3.567, 0.0472436, 0.324983, -7.16229, -0.0478531, 1.85919, 0.193031
3.587, 0.0470263, 0.327314, -7.16287, -0.0502817, 1.8558, 0.193221
3.607, 0.0468271, 0.329779, -7.1635, -0.0526344, 1.85234, 0.193427
3.627, 0.0466435, 0.332379, -7.16419, -0.0549096, 1.84879, 0.193647
3.647, 0.0464757, 0.335114, -7.16493, -0.0571017, 1.84517, 0.193879
3.667, 0.0463239, 0.337985, -7.16573, -0.0592064, 1.84145, 0.194124
3.687, 0.0461859, 0.340992, -7.16659, -0.0612203, 1.83766, 0.19438
3.707, 0.0460626, 0.344138, -7.1675, -0.0631386, 1.83379, 0.194647
3.727, 0.0459529, 0.347424, -7.16848, -0.0649565, 1.82984, 0.194923
3.747, 0.0458549, 0.350852, -7.16952, -0.0666706, 1.82581, 0.195209
3.768, 0.0457683, 0.354425, -7.17062, -0.0682747, 1.8217, 0.195504
3.788, 0.0456915, 0.358146, -7.1718, -0.0697639, 1.81751, 0.195808
3.808, 0.0456205, 0.362018, -7.17304, -0.0711344, 1.81325, 0.19612
3.828, 0.0455534, 0.366046, -7.17437, -0.0723797, 1.80893, 0.19644
3.848, 0.0454852, 0.370234, -7.17577, -0.0734947, 1.80453, 0.196768
3.868, 0.0454108, 0.374586, -7.17727, -0.0744741, 1.80007, 0.197105
3.888, 0.0453238, 0.379108, -7.17887, -0.0753121, 1.79555, 0.19745
3.908, 0.045216, 0.383805, -7.18057, -0.0760032, 1.79098, 0.197804
3.928, 0.0450784, 0.388682, -7.18239, -0.0765417, 1.78636, 0.198166
3.948, 0.0448994, 0.393743, -7.18433, -0.0769226, 1.7817, 0.198536
3.968, 0.044668, 0.398993, -7.1864, -0.0771392, 1.77701, 0.198916
3.988, 0.0443693, 0.404437, -7.18862, -0.0771871, 1.77229, 0.199303
4.008, 0.0439881, 0.410077, -7.191, -0.0770608, 1.76756, 0.199699
4.028, 0.0435073, 0.415915, -7.19355, -0.0767554, 1.76282, 0.200102
4.048, 0.0429073, 0.421953, -7.19627, -0.0762675, 1.75809, 0.200511
4.068, 0.0421692, 0.428191, -7.19919, -0.0755918, 1.75337, 0.200925
4.088, 0.0412717, 0.434626, -7.20232, -0.0747249, 1.74867, 0.201341
4.108, 0.0401913, 0.441253, -7.20566, -0.0736649, 1.74402, 0.201758
4.128, 0.0389051, 0.448067, -7.20924, -0.0724092, 1.73941, 0.202171
4.148, 0.0373896, 0.455059, -7.21305, -0.0709562, 1.73487, 0.202579
4.168, 0.0356191, 0.462219, -7.21712, -0.0693059, 1.73041, 0.202975
4.188, 0.0335699, 0.46953, -7.22146, -0.0674584, 1.72604, 0.203355
4.208, 0.0312174, 0.476978, -7.22607, -0.0654156, 1.72177, 0.203713
4.228, 0.0285381, 0.48454, -7.23097, -0.0631797, 1.71761, 0.204042
4.248, 0.0255101, 0.492196, -7.23616, -0.0607543, 1.71358, 0.204334
4.269, 0.0221118, 0.499918, -7.24165, -0.0581439, 1.70969, 0.204582
4.289, 0.0183249, 0.507677, -7.24745, -0.0553548, 1.70595, 0.204776
4.309, 0.0141328, 0.515441, -7.25355, -0.0523933, 1.70237, 0.204905
4.329, 0.00952147, 0.523175, -7.25996, -0.0492687, 1.69896, 0.204961
4.349, 0.00448079, 0.530841, -7.26669, -0.0459893, 1.69573, 0.204932
4.369, -0.00099523, 0.538399, -7.27372, -0.0425649, 1.69267, 0.204805
4.389, -0.00691012, 0.545809, -7.28106, -0.0390077, 1.6898, 0.20457
4.409, -0.0132604, 0.553027, -7.28869, -0.0353283, 1.68712, 0.204214
4.429, -0.0200425, 0.560011, -7.29662, -0.0315406, 1.68464, 0.203726
4.449, -0.0272518, 0.566737, -7.30484, -0.0276482, 1.68234, 0.203099
4.469, -0.0348775, 0.573169, -7.31335, -0.0236629, 1.68025, 0.202323
4.489, -0.0428992, 0.579263, -7.32214, -0.0195991, 1.67834, 0.201387
4.509, -0.0512913, 0.584981, -7.33119, -0.015469, 1.67663, 0.200281
4.529, -0.0600234, 0.590282, -7.34049, -0.0112858, 1.67509, 0.198994
4.549, -0.0690602, 0.595131, -7.35002, -0.00706361, 1.67373, 0.197518
4.569, -0.0783615, 0.599493, -7.35978, -0.00281518, 1.67252, 0.195845
4.589, -0.0878829, 0.603339, -7.36974, 0.00144773, 1.67147, 0.19397
4.609, -0.0975752, 0.606643, -7.37989, 0.00571287, 1.67055, 0.191887
4.629, -0.107388, 0.609383, -7.39022, 0.00996989, 1.66974, 0.189593
4.649, -0.117264, 0.611542, -7.4007, 0.0142087, 1.66905, 0.187085
4.669, -0.127148, 0.61311, -7.41131, 0.0184206, 1.66844, 0.184365
4.689, -0.136981, 0.614079, -7.42205, 0.0225967, 1.6679, 0.181434
4.709, -0.146704, 0.614451, -7.4329, 0.0267332, 1.66741, 0.178296
4.729, -0.156258, 0.614229, -7.44384, 0.0308222, 1.66696, 0.174957
4.749, -0.165585, 0.613426, -7.45486, 0.0348612, 1.66653, 0.171424
4.77, -0.174628, 0.612056, -7.46595, 0.0388478, 1.66611, 0.167705
4.79, -0.183335, 0.610142, -7.47708, 0.0427791, 1.66567, 0.163813
4.81, -0.191654, 0.60771, -7.48826, 0.0466563, 1.6652, 0.15976
4.83, -0.199539, 0.60479, -7.49948, 0.0504794, 1.66469, 0.155558
4.85, -0.20695, 0.601417, -7.51071, 0.0542494, 1.66413, 0.151225
4.87, -0.21385, 0.59763, -7.52196, 0.0579699, 1.6635, 0.146774
4.89, -0.220206, 0.593469, -7.53322, 0.0616439, 1.66281, 0.142224
4.91, -0.225997, 0.588977, -7.54448, 0.0652744, 1.66204, 0.137592
4.93, -0.231201, 0.5842, -7.55573, 0.0688661, 1.66119, 0.132896
4.95, -0.235807, 0.579183, -7.56699, 0.0724226, 1.66026, 0.128153
4.97, -0.239808, 0.573972, -7.57823, 0.075949, 1.65924, 0.123383
4.99, -0.243204, 0.568614, -7.58946, 0.079449, 1.65814, 0.118602
5.01, -0.246002, 0.563152, -7.60068, 0.0829263, 1.65695, 0.113828
5.03, -0.248211, 0.55763, -7.61188, 0.0863847, 1.6557, 0.109078
5.05, -0.249847, 0.552091, -7.62306, 0.0898276, 1.65437, 0.104367
5.07, -0.250932, 0.546572, -7.63423, 0.0932571, 1.65298, 0.0997108
5.09, -0.251489, 0.541112, -7.64538, 0.0966744, 1.65153, 0.0951232
5.11, -0.251547, 0.535741, -7.65651, 0.100081, 1.65004, 0.0906167
5.13, -0.251134, 0.530491, -7.66762, 0.103478, 1.64851, 0.0862025
5.15, -0.250283, 0.525389, -7.67871, 0.106864, 1.64695, 0.0818913
5.17, -0.249028, 0.520456, -7.68978, 0.110237, 1.64537, 0.0776921
5.19, -0.247402, 0.515713, -7.70082, 0.113598, 1.64379, 0.0736123
5.21, -0.245439, 0.511174, -7.71184, 0.11694, 1.6422, 0.0696587
5.23, -0.243172, 0.506851, -7.72284, 0.120263, 1.64062, 0.0658361
5.251, -0.240633, 0.502755, -7.7338, 0.123561, 1.63906, 0.0621491
5.271, -0.237856, 0.498888, -7.74474, 0.126831, 1.63752, 0.0586001
5.291, -0.234866, 0.495255, -7.75563, 0.130066, 1.63601, 0.0551911
5.311, -0.231693, 0.491855, -7.76648, 0.133261, 1.63454, 0.0519233
5.331, -0.22836, 0.488685, -7.77728, 0.136411, 1.6331, 0.0487962
5.351, -0.224892, 0.485739, -7.78803, 0.139509, 1.63171, 0.0458093
5.371, -0.22131, 0.483013, -7.79871, 0.14255, 1.63036, 0.0429611
5.391, -0.217634, 0.480496, -7.80933, 0.145528, 1.62906, 0.0402494
5.411, -0.213879, 0.47818, -7.81986, 0.148436, 1.6278, 0.0376716
5.431, -0.210056, 0.476052, -7.8303, 0.151268, 1.62659, 0.0352242
5.451, -0.206175, 0.474099, -7.84065, 0.154018, 1.62543, 0.032904
5.471, -0.202245, 0.472309, -7.85089, 0.156681, 1.62431, 0.030707
5.491, -0.198271, 0.470669, -7.86101, 0.15925, 1.62323, 0.0286291
5.511, -0.19426, 0.469163, -7.87101, 0.161721, 1.62219, 0.0266658
5.531, -0.190214, 0.46778, -7.88087, 0.16409, 1.62118, 0.0248127
5.551, -0.186137, 0.466504, -7.89058, 0.166352, 1.6202, 0.0230654
5.571, -0.182031, 0.465323, -7.90013, 0.168502, 1.61925, 0.021419
5.591, -0.177896, 0.464225, -7.90952, 0.170538, 1.61832, 0.019869
5.611, -0.173734, 0.463195, -7.91873, 0.172457, 1.61741, 0.0184106
5.631, -0.169544, 0.462222, -7.92775, 0.174257, 1.61652, 0.0170395
5.651, -0.165326, 0.461296, -7.93659, 0.175934, 1.61563, 0.0157511
5.671, -0.161079, 0.460405, -7.94523, 0.177489, 1.61476, 0.0145409
5.691, -0.156802, 0.459538, -7.95366, 0.178919, 1.61389, 0.0134047
5.711, -0.152494, 0.458688, -7.96188, 0.180224, 1.61303, 0.0123383
5.731, -0.148155, 0.457846, -7.96988, 0.181403, 1.61216, 0.0113382
5.752, -0.143783, 0.457003, -7.97767, 0.182458, 1.61129, 0.0103999
5.772, -0.139377, 0.456153, -7.98524, 0.183387, 1.61041, 0.00952042
5.792, -0.134938, 0.455289, -7.99258, 0.184193, 1.60953, 0.00869564
5.812, -0.130465, 0.454404, -7.99969, 0.184874, 1.60863, 0.00792243
5.832, -0.125959, 0.453494, -8.00658, 0.185434, 1.60773, 0.00719735
5.852, -0.121418, 0.452555, -8.01324, 0.185873, 1.60681, 0.00651803
5.872, -0.116843, 0.451584, -8.01967, 0.186194, 1.60588, 0.00588177
5.892, -0.112232, 0.45058, -8.02588, 0.186398, 1.60494, 0.00528634
5.912, -0.107588, 0.449544, -8.03186, 0.186489, 1.60399, 0.00472967
5.932, -0.102907, 0.448475, -8.03762, 0.18647, 1.60302, 0.00421052
5.952, -0.0981924, 0.447374, -8.04317, 0.186344, 1.60203, 0.00372665
5.972, -0.0934426, 0.446243, -8.0485, 0.186114, 1.60104, 0.00327722
5.992, -0.0886584, 0.445084, -8.05361, 0.185783, 1.60003, 0.00286059
6.012, -0.0838401, 0.443901, -8.05852, 0.185355, 1.599, 0.00247631
6.032, -0.0789875, 0.442695, -8.06322, 0.184834, 1.59797, 0.00212296
6.052, -0.0741017, 0.441471, -8.06772, 0.184222, 1.59692, 0.00179985
6.072, -0.0691835, 0.440232, -8.07202, 0.183523, 1.59586, 0.00150661
6.092, -0.0642323, 0.438982, -8.07613, 0.18274, 1.5948, 0.00124252
6.112, -0.0592493, 0.437725, -8.08006, 0.181878, 1.59372, 0.00100694
6.132, -0.0542343, 0.436465, -8.0838, 0.18094, 1.59264, 0.000799708
6.152, -0.0491889, 0.435206, -8.08737, 0.179928, 1.59155, 0.000620553
6.172, -0.0441127, 0.433953, -8.09076, 0.178846, 1.59045, 0.000468883
6.192, -0.0390066, 0.432708, -8.09398, 0.177698, 1.58936, 0.000344389
6.212, -0.0338712, 0.431477, -8.09704, 0.176485, 1.58826, 0.000247292
6.232, -0.0287063, 0.430262, -8.09993, 0.175212, 1.58716, 0.000176893
6.253, -0.0235141, 0.429066, -8.10267, 0.17388, 1.58606, 0.000133021
6.273, -0.0182938, 0.427894, -8.10526, 0.172492, 1.58496, 0.000115387
6.293, -0.0130469, 0.426746, -8.10769, 0.171051, 1.58386, 0.000123607
6.313, -0.00777345, 0.425627, -8.10998, 0.16956, 1.58277, 0.000157613
6.333, -0.00247496, 0.424537, -8.11213, 0.168019, 1.58169, 0.000216537
6.353, 0.00284827, 0.423478, -8.11414, 0.166432, 1.58061, 0.000300448
6.373, 0.00819473, 0.422451, -8.11602, 0.164799, 1.57954, 0.000408122
6.393, 0.0135634, 0.421459, -8.11776, 0.163124, 1.57848, 0.000539914
6.413, 0.018953, 0.4205, -8.11937, 0.161406, 1.57743, 0.000694542
6.433, 0.0243625, 0.419575, -8.12086, 0.159648, 1.5764, 0.00087183
6.453, 0.0297904, 0.418684, -8.12222, 0.157852, 1.57537, 0.00107062
6.473, 0.0352351, 0.417827, -8.12346, 0.156018, 1.57437, 0.0012905
6.493, 0.0406951, 0.417003, -8.12457, 0.154148, 1.57338, 0.00153091
6.513, 0.0461684, 0.41621, -8.12557, 0.152242, 1.57241, 0.00179057
6.533, 0.0516533, 0.415449, -8.12645, 0.150302, 1.57145, 0.00206902
6.553, 0.0571481, 0.414717, -8.12722, 0.14833, 1.57052, 0.00236531
6.573, 0.0626502, 0.414014, -8.12787, 0.146324, 1.56961, 0.00267882
6.593, 0.0681583, 0.413337, -8.12841, 0.144288, 1.56872, 0.00300857
6.613, 0.0736696, 0.412686, -8.12884, 0.142222, 1.56786, 0.00335361
6.633, 0.0791824, 0.41206, -8.12917, 0.140126, 1.56702, 0.00371353
6.653, 0.0846945, 0.411456, -8.12939, 0.138002, 1.56621, 0.00408724
6.673, 0.0902039, 0.410873, -8.1295, 0.13585, 1.56543, 0.00447404
6.693, 0.0957078, 0.41031, -8.12951, 0.133673, 1.56467, 0.00487307
6.713, 0.101205, 0.409766, -8.12942, 0.131469, 1.56394, 0.00528408
6.733, 0.106693, 0.40924, -8.12922, 0.129241, 1.56325, 0.00570623
6.754, 0.112171, 0.40873, -8.12893, 0.12699, 1.56258, 0.00613865
6.774, 0.117636, 0.408236, -8.12854, 0.124717, 1.56195, 0.00658115
6.794, 0.123087, 0.407758, -8.12806, 0.122424, 1.56135, 0.00703291
6.814, 0.128523, 0.407294, -8.12748, 0.12011, 1.56078, 0.00749368
6.834, 0.133942, 0.406843, -8.1268, 0.117778, 1.56025, 0.00796282
6.854, 0.139343, 0.406407, -8.12603, 0.11543, 1.55975, 0.00844004
6.874, 0.144726, 0.405984, -8.12518, 0.113065, 1.55929, 0.00892495
6.894, 0.150088, 0.405574, -8.12423, 0.110686, 1.55886, 0.00941729
6.914, 0.155431, 0.405178, -8.1232, 0.108294, 1.55847, 0.00991655
6.934, 0.160754, 0.404795, -8.12208, 0.10589, 1.55812, 0.0104228
6.954, 0.166057, 0.404425, -8.12087, 0.103477, 1.5578, 0.0109355
6.974, 0.171339, 0.404069, -8.11958, 0.101054, 1.55751, 0.0114544
6.994, 0.1766, 0.403727, -8.11821, 0.0986245, 1.55726, 0.0119795
7.014, 0.181842, 0.403397, -8.11676, 0.096189, 1.55705, 0.0125102
7.034, 0.187064, 0.403081, -8.11522, 0.0937491, 1.55687, 0.0130465
7.054, 0.192267, 0.402778, -8.11361, 0.091306, 1.55673, 0.0135882
7.074, 0.197451, 0.402488, -8.11193, 0.0888607, 1.55662, 0.0141349
7.094, 0.202617, 0.402211, -8.11016, 0.0864156, 1.55655, 0.0146863
7.114, 0.207767, 0.401945, -8.10833, 0.0839705, 1.55651, 0.0152422
7.134, 0.212899, 0.401691, -8.10642, 0.0815282, 1.55651, 0.0158022
7.154, 0.218015, 0.401447, -8.10444, 0.0790883, 1.55653, 0.0163662
7.174, 0.223115, 0.401212, -8.10239, 0.0766528, 1.55659, 0.0169335
7.194, 0.2282, 0.400987, -8.10027, 0.0742222, 1.55668, 0.0175042
7.214, 0.233269, 0.400768, -8.09809, 0.0717981, 1.55681, 0.0180772
7.234, 0.238323, 0.400555, -8.09584, 0.0693808, 1.55696, 0.0186528
7.255, 0.243362, 0.400346, -8.09353, 0.0669713, 1.55715, 0.0192301
7.275, 0.248384, 0.400139, -8.09115, 0.0645707, 1.55736, 0.0198087
7.295, 0.25339, 0.399934, -8.08872, 0.0621794, 1.55761, 0.0203882
7.315, 0.258379, 0.399727, -8.08622, 0.0597982, 1.55788, 0.0209681
7.335, 0.263349, 0.399517, -8.08367, 0.0574274, 1.55819, 0.0215482
7.355, 0.2683, 0.399302, -8.08106, 0.0550681, 1.55852, 0.0221276
7.375, 0.273228, 0.39908, -8.0784, 0.0527202, 1.55888, 0.0227059
7.395, 0.278134, 0.39885, -8.07568, 0.0503847, 1.55928, 0.0232831
7.415, 0.283014, 0.398608, -8.07292, 0.0480622, 1.5597, 0.023858
7.435, 0.287866, 0.398355, -8.07011, 0.0457528, 1.56015, 0.0244309
7.455, 0.292689, 0.398086, -8.06725, 0.0434568, 1.56062, 0.0250009
7.475, 0.297477, 0.397803, -8.06434, 0.0411752, 1.56113, 0.0255681
7.495, 0.30223, 0.397501, -8.06139, 0.038908, 1.56166, 0.0261319
7.515, 0.306943, 0.397183, -8.0584, 0.0366556, 1.56223, 0.0266924
7.535, 0.311614, 0.396844, -8.05536, 0.0344186, 1.56282, 0.027249
7.555, 0.316239, 0.396485, -8.05229, 0.0321977, 1.56345, 0.0278016
7.575, 0.320816, 0.396105, -8.04919, 0.0299925, 1.5641, 0.0283504
7.595, 0.325341, 0.395704, -8.04605, 0.0278042, 1.56478, 0.0288951
7.615, 0.329811, 0.39528, -8.04287, 0.025633, 1.56549, 0.0294356
7.635, 0.334223, 0.394835, -8.03967, 0.0234794, 1.56624, 0.029972
7.655, 0.338574, 0.394368, -8.03643, 0.0213435, 1.56701, 0.0305048
7.675, 0.342862, 0.39388, -8.03317, 0.0192265, 1.56781, 0.0310335
7.695, 0.347083, 0.393372, -8.02988, 0.0171288, 1.56865, 0.0315586
7.715, 0.351236, 0.392843, -8.02657, 0.0150503, 1.56951, 0.0320803
7.735, 0.355319, 0.392296, -8.02323, 0.0129918, 1.57041, 0.032599
7.756, 0.359329, 0.391731, -8.01987, 0.0109544, 1.57134, 0.0331148
7.776, 0.363265, 0.39115, -8.0165, 0.00893829, 1.57229, 0.0336281
7.796, 0.367127, 0.390554, -8.0131, 0.00694403, 1.57328, 0.0341395
7.816, 0.370912, 0.389945, -8.00968, 0.00497198, 1.5743, 0.0346491
7.836, 0.374621, 0.389324, -8.00625, 0.00302324, 1.57534, 0.0351572
7.856, 0.378253, 0.388693, -8.0028, 0.00109813, 1.57642, 0.0356646
7.876, 0.381809, 0.388055, -7.99934, -0.000802423, 1.57752, 0.0361715
7.896, 0.385288, 0.38741, -7.99586, -0.00267811, 1.57865, 0.0366781
7.916, 0.388691, 0.386761, -7.99237, -0.00452875, 1.57981, 0.0371853
7.936, 0.39202, 0.38611, -7.98886, -0.00635312, 1.581, 0.0376931
7.956, 0.395276, 0.385457, -7.98534, -0.00815108, 1.58221, 0.038202
7.976, 0.398459, 0.384805, -7.98181, -0.00992219, 1.58345, 0.0387125
7.996, 0.401573, 0.384157, -7.97827, -0.0116654, 1.58472, 0.0392248
8.016, 0.404618, 0.383512, -7.97471, -0.0133809, 1.58601, 0.0397393
8.036, 0.407597, 0.382872, -7.97114, -0.0150677, 1.58732, 0.0402562
8.056, 0.410512, 0.382239, -7.96756, -0.0167261, 1.58865, 0.0407758
8.076, 0.413365, 0.381615, -7.96397, -0.0183549, 1.59001, 0.0412985
8.096, 0.416159, 0.380999, -7.96037, -0.0199545, 1.59138, 0.0418243
8.116, 0.418896, 0.380393, -7.95675, -0.0215239, 1.59278, 0.0423535
8.136, 0.421578, 0.379799, -7.95312, -0.0230632, 1.59419, 0.0428863
8.156, 0.424209, 0.379216, -7.94948, -0.0245724, 1.59562, 0.0434228
8.176, 0.426789, 0.378645, -7.94583, -0.0260509, 1.59707, 0.0439631
8.196, 0.429322, 0.378086, -7.94217, -0.0274986, 1.59854, 0.0445073
8.216, 0.43181, 0.37754, -7.93849, -0.0289154, 1.60002, 0.0450556
8.236, 0.434254, 0.377008, -7.93481, -0.0303012, 1.60152, 0.0456077
8.257, 0.436656, 0.376488, -7.93111, -0.0316555, 1.60303, 0.0461638
8.277, 0.439019, 0.375981, -7.92739, -0.0329787, 1.60456, 0.0467242
8.297, 0.441343, 0.375487, -7.92367, -0.0342707, 1.60609, 0.0472884
8.317, 0.44363, 0.375006, -7.91993, -0.0355311, 1.60765, 0.0478568
8.337, 0.445882, 0.374538, -7.91618, -0.0367604, 1.60921, 0.0484292
8.357, 0.448098, 0.374081, -7.91242, -0.037958, 1.61079, 0.0490057
8.377, 0.450281, 0.373637, -7.90864, -0.0391242, 1.61237, 0.0495861
8.397, 0.45243, 0.373203, -7.90485, -0.0402589, 1.61397, 0.0501705
8.417, 0.454547, 0.372781, -7.90105, -0.0413618, 1.61559, 0.0507588
8.437, 0.45663, 0.372369, -7.89724, -0.0424335, 1.61721, 0.0513511
8.457, 0.458681, 0.371967, -7.89342, -0.0434735, 1.61884, 0.0519473
8.477, 0.460699, 0.371575, -7.88958, -0.0444818, 1.62049, 0.0525475
8.497, 0.462685, 0.371191, -7.88573, -0.0454588, 1.62214, 0.0531516
8.517, 0.464639, 0.370816, -7.88187, -0.0464039, 1.62381, 0.0537596
8.537, 0.466559, 0.37045, -7.87799, -0.0473176, 1.62549, 0.0543717
8.557, 0.468446, 0.370091, -7.87411, -0.0481995, 1.62717, 0.0549877
8.577, 0.4703, 0.36974, -7.87021, -0.0490496, 1.62887, 0.0556077
8.597, 0.472119, 0.369396, -7.8663, -0.0498678, 1.63058, 0.0562317
8.617, 0.473905, 0.369058, -7.86237, -0.0506539, 1.6323, 0.0568597
8.637, 0.475656, 0.368726, -7.85844, -0.0514078, 1.63403, 0.0574919
8.657, 0.477372, 0.368401, -7.85449, -0.0521297, 1.63577, 0.0581283
8.677, 0.479053, 0.368081, -7.85054, -0.0528192, 1.63752, 0.0587686
8.697, 0.480699, 0.367767, -7.84657, -0.0534763, 1.63928, 0.0594133
8.717, 0.48231, 0.367458, -7.84259, -0.0541009, 1.64105, 0.0600623
8.737, 0.483886, 0.367154, -7.83859, -0.0546928, 1.64283, 0.0607155
8.758, 0.485427, 0.366855, -7.83459, -0.0552518, 1.64462, 0.0613731
8.778, 0.486933, 0.366559, -7.83057, -0.0557777, 1.64641, 0.0620347
8.798, 0.488405, 0.366267, -7.82654, -0.0562702, 1.64822, 0.0627006
8.818, 0.489844, 0.365979, -7.82249, -0.0567295, 1.65003, 0.0633708
8.838, 0.491249, 0.365695, -7.81844, -0.0571553, 1.65185, 0.0640453
8.858, 0.492621, 0.365412, -7.81437, -0.057547, 1.65368, 0.0647238
8.878, 0.493962, 0.365134, -7.81028, -0.0579055, 1.65551, 0.0654069
8.898, 0.495271, 0.364857, -7.80619, -0.0582296, 1.65735, 0.0660936
8.918, 0.49655, 0.364582, -7.80207, -0.0585195, 1.6592, 0.0667845
8.938, 0.4978, 0.364308, -7.79795, -0.058775, 1.66105, 0.0674792
8.958, 0.499021, 0.364035, -7.79381, -0.0589962, 1.6629, 0.0681777
8.978, 0.500214, 0.363763, -7.78966, -0.059183, 1.66476, 0.0688801
8.998, 0.501379, 0.363491, -7.78549, -0.059335, 1.66662, 0.069586
9.018, 0.502519, 0.363218, -7.78131, -0.0594523, 1.66849, 0.0702954
9.038, 0.503634, 0.362943, -7.77712, -0.0595347, 1.67036, 0.0710081
9.058, 0.504723, 0.362668, -7.77291, -0.0595823, 1.67222, 0.0717241
9.078, 0.505789, 0.36239, -7.76868, -0.059595, 1.67409, 0.0724433
9.098, 0.50683, 0.36211, -7.76445, -0.0595723, 1.67596, 0.0731653
9.118, 0.507848, 0.361826, -7.7602, -0.0595147, 1.67784, 0.0738905
9.138, 0.508842, 0.36154, -7.75594, -0.059422, 1.67971, 0.0746183
9.158, 0.509813, 0.36125, -7.75166, -0.0592942, 1.68158, 0.0753489
9.178, 0.51076, 0.360955, -7.74738, -0.0591315, 1.68345, 0.0760822
9.198, 0.511683, 0.360655, -7.74308, -0.0589333, 1.68532, 0.076818
9.218, 0.512582, 0.360351, -7.73878, -0.0587002, 1.68719, 0.0775564
9.238, 0.513456, 0.360043, -7.73446, -0.0584323, 1.68906, 0.0782977
9.259, 0.514304, 0.359729, -7.73014, -0.0581288, 1.69092, 0.0790412
9.279, 0.515125, 0.35941, -7.7258, -0.0577908, 1.69279, 0.0797874
9.299, 0.515919, 0.359086, -7.72147, -0.0574177, 1.69466, 0.0805363
9.319, 0.516683, 0.358756, -7.71712, -0.0570099, 1.69652, 0.081288
9.339, 0.517417, 0.358422, -7.71278, -0.0565671, 1.69839, 0.0820424
9.359, 0.518119, 0.358083, -7.70843, -0.0560895, 1.70025, 0.0827996
9.379, 0.518788, 0.35774, -7.70408, -0.0555773, 1.70212, 0.0835601
9.399, 0.519421, 0.357393, -7.69973, -0.0550307, 1.70399, 0.0843238
9.419, 0.520018, 0.357042, -7.69538, -0.0544495, 1.70585, 0.0850907
9.439, 0.520577, 0.356688, -7.69103, -0.0538337, 1.70772, 0.0858613
9.459, 0.521096, 0.356332, -7.68668, -0.0531841, 1.70959, 0.0866357
9.479, 0.521573, 0.355973, -7.68234, -0.0524999, 1.71146, 0.087414
9.499, 0.522007, 0.355613, -7.67801, -0.0517818, 1.71333, 0.0881964
9.519, 0.522397, 0.355252, -7.67368, -0.0510301, 1.71521, 0.0889832
9.539, 0.52274, 0.354891, -7.66936, -0.0502443, 1.71708, 0.0897746
9.559, 0.523036, 0.354531, -7.66505, -0.0494251, 1.71896, 0.0905709
9.579, 0.523284, 0.354172, -7.66075, -0.0485721, 1.72084, 0.091372
9.599, 0.523481, 0.353817, -7.65646, -0.0476863, 1.72273, 0.0921789
9.619, 0.523629, 0.353463, -7.65218, -0.0467672, 1.72461, 0.092991
9.639, 0.523725, 0.353113, -7.64792, -0.0458149, 1.7265, 0.0938085
9.659, 0.523769, 0.352767, -7.64367, -0.0448304, 1.7284, 0.0946319
9.679, 0.523761, 0.352425, -7.63942, -0.0438134, 1.73029, 0.0954613
9.699, 0.5237, 0.352089, -7.6352, -0.0427646, 1.73219, 0.0962964
9.719, 0.523587, 0.351757, -7.63098, -0.0416839, 1.73408, 0.0971376
9.739, 0.523421, 0.351431, -7.62678, -0.0405717, 1.73598, 0.0979849
9.76, 0.523203, 0.351111, -7.62259, -0.0394287, 1.73788, 0.098838
9.78, 0.522933, 0.350797, -7.61842, -0.0382551, 1.73978, 0.0996974
9.8, 0.522611, 0.350489, -7.61425, -0.0370515, 1.74168, 0.100563
9.82, 0.52224, 0.350187, -7.6101, -0.0358181, 1.74358, 0.101434
9.84, 0.521819, 0.34989, -7.60596, -0.0345555, 1.74548, 0.10231
9.86, 0.521348, 0.3496, -7.60183, -0.0332643, 1.74738, 0.103193
9.88, 0.52083, 0.349316, -7.59772, -0.0319451, 1.74927, 0.104081
9.9, 0.520266, 0.349036, -7.59361, -0.0305983, 1.75116, 0.104974
9.92, 0.519655, 0.348762, -7.5895, -0.0292245, 1.75304, 0.105873
9.94, 0.519, 0.348493, -7.58541, -0.0278242, 1.75492, 0.106777
9.96, 0.518302, 0.348228, -7.58133, -0.0263983, 1.7568, 0.107685
9.98, 0.517561, 0.347967, -7.57725, -0.0249475, 1.75866, 0.108598
10, 0.516779, 0.34771, -7.57317, -0.0234722, 1.76052, 0.109515
